796.418,796.496,796.574,796.652,796.730,796.808,796.886,796.964,797.042,797.120,797.198,797.276,797.354,797.432,797.510,797.588,797.666,797.744,797.822,797.900,797.978,798.056,798.134,798.212,798.290,798.367,798.445,798.523,798.601,798.679,798.757,798.835,798.913,798.991,799.069,799.147,799.225,799.303,799.381,799.459,799.536,799.614,799.692,799.770,799.848,799.926,800.004,800.082,800.160,800.238,800.315,800.393,800.471,800.549,800.627,800.705,800.783,800.860,800.938,801.016,801.094,801.172,801.250,801.328,801.405,801.483,801.561,801.639,801.717,801.795,801.872,801.950,802.028,802.106,802.184,802.261,802.339,802.417,802.495,802.573,802.650,802.728,802.806,802.884,802.961,803.039,803.117,803.195,803.273,803.350,803.428,803.506,803.583,803.661,803.739,803.817,803.894,803.972,804.050,804.128,804.205,804.283,804.361,804.439,804.516,804.594,804.672,804.749,804.827,804.905,804.982,805.060,805.138,805.215,805.293,805.371,805.448,805.526,805.604,805.682,805.759,805.837,805.914,805.992,806.070,806.147,806.225,806.303,806.380,806.458,806.536,806.613,806.691,806.768,806.846,806.924,807.001,807.079,807.156,807.234,807.312,807.389,807.467,807.544,807.622,807.700,807.777,807.855,807.932,808.010,808.087,808.165,808.243,808.320,808.398,808.475,808.553,808.630,808.708,808.785,808.863,808.940,809.018,809.095,809.173,809.250,809.328,809.406,809.483,809.561,809.638,809.716,809.793,809.871,809.948,810.026,810.103,810.180,810.258,810.335,810.413,810.490,810.568,810.645,810.723,810.800,810.878,810.955,811.033,811.110,811.187,811.265,811.342,811.420,811.497,811.575,811.652,811.729,811.807,811.884,811.962,812.039,812.116,812.194,812.271,812.349,812.426,812.503,812.581,812.658,812.735,812.813,812.890,812.968,813.045,813.122,813.200,813.277,813.354,813.432,813.509,813.586,813.664,813.741,813.818,813.896,813.973,814.050,814.128,814.205,814.282,814.360,814.437,814.514,814.591,814.669,814.746,814.823,814.901,814.978,815.055,815.133,815.210,815.287,815.364,815.442,815.519,815.596,815.673,815.751,815.828,815.905,815.982,816.060,816.137,816.214,816.291,816.368,816.446,816.523,816.600,816.677,816.755,816.832,816.909,816.986,817.063,817.141,817.218,817.295,817.372,817.449,817.526,817.604,817.681,817.758,817.835,817.912,817.990,818.067,818.144,818.221,818.298,818.375,818.452,818.530,818.607,818.684,818.761,818.838,818.915,818.992,819.069,819.146,819.224,819.301,819.378,819.455,819.532,819.609,819.686,819.763,819.840,819.917,819.995,820.072,820.149,820.226,820.303,820.380,820.457,820.534,820.611,820.688,820.765,820.842,820.919,820.996,821.073,821.150,821.227,821.304,821.381,821.458,821.535,821.612,821.689,821.766,821.843,821.920,821.997,822.074,822.151,822.228,822.305,822.382,822.459,822.536,822.613,822.690,822.767,822.844,822.921,822.998,823.075,823.152,823.229,823.306,823.383,823.460,823.537,823.614,823.691,823.767,823.844,823.921,823.998,824.075,824.152,824.229,824.306,824.383,824.460,824.536,824.613,824.690,824.767,824.844,824.921,824.998,825.075,825.151,825.228,825.305,825.382,825.459,825.536,825.613,825.690,825.766,825.843,825.920,825.997,826.074,826.150,826.227,826.304,826.381,826.458,826.535,826.611,826.688,826.765,826.842,826.919,826.995,827.072,827.149,827.226,827.302,827.379,827.456,827.533,827.610,827.686,827.763,827.840,827.917,827.993,828.070,828.147,828.224,828.300,828.377,828.454,828.530,828.607,828.684,828.761,828.837,828.914,828.991,829.067,829.144,829.221,829.298,829.374,829.451,829.528,829.604,829.681,829.758,829.834,829.911,829.988,830.064,830.141,830.218,830.294,830.371,830.448,830.524,830.601,830.678,830.754,830.831,830.907,830.984,831.061,831.137,831.214,831.291,831.367,831.444,831.520,831.597,831.674,831.750,831.827,831.903,831.980,832.056,832.133,832.210,832.286,832.363,832.439,832.516,832.592,832.669,832.746,832.822,832.899,832.975,833.052,833.128,833.205,833.281,833.358,833.434,833.511,833.587,833.664,833.740,833.817,833.893,833.970,834.047,834.123,834.199,834.276,834.352,834.429,834.505,834.582,834.658,834.735,834.811,834.888,834.964,835.041,835.117,835.194,835.270,835.346,835.423,835.499,835.576,835.652,835.729,835.805,835.882,835.958,836.034,836.111,836.187,836.264,836.340,836.416,836.493,836.569,836.646,836.722,836.798,836.875,836.951,837.027,837.104,837.180,837.257,837.333,837.409,837.486,837.562,837.638,837.715,837.791,837.867,837.944,838.020,838.096,838.173,838.249,838.325,838.402,838.478,838.554,838.631,838.707,838.783,838.860,838.936,839.012,839.088,839.165,839.241,839.317,839.394,839.470,839.546,839.622,839.699,839.775,839.851,839.927,840.004,840.080,840.156,840.232,840.309,840.385,840.461,840.537,840.614,840.690,840.766,840.842,840.918,840.995,841.071,841.147,841.223,841.299,841.376,841.452,841.528,841.604,841.680,841.757,841.833,841.909,841.985,842.061,842.138,842.214,842.290,842.366,842.442,842.518,842.594,842.671,842.747,842.823,842.899,842.975,843.051,843.127,843.203,843.280,843.356,843.432,843.508,843.584,843.660,843.736,843.812,843.888,843.964,844.041,844.117,844.193,844.269,844.345,844.421,844.497,844.573,844.649,844.725,844.801,844.877,844.953,845.029,845.105,845.181,845.258,845.334,845.410,845.486,845.562,845.638,845.714,845.790,845.866,845.942,846.018,846.094,846.170,846.246,846.322,846.398,846.474,846.550,846.626,846.702,846.778,846.854,846.930,847.005,847.081,847.157,847.233,847.309,847.385,847.461,847.537,847.613,847.689,847.765,847.841,847.917,847.993,848.069,848.144,848.220,848.296,848.372,848.448,848.524,848.600,848.676,848.752,848.828,848.904,848.979,849.055,849.131,849.207,849.283,849.359,849.435,849.510,849.586,849.662,849.738,849.814,849.890,849.966,850.041,850.117,850.193,850.269,850.345,850.420,850.496,850.572,850.648,850.724,850.799,850.875,850.951,851.027,851.103,851.179,851.254,851.330,851.406,851.482,851.557,851.633,851.709,851.785,851.860,851.936,852.012,852.088,852.163,852.239,852.315,852.391,852.466,852.542,852.618,852.694,852.769,852.845,852.921,852.996,853.072,853.148,853.224,853.299,853.375,853.451,853.526,853.602,853.678,853.753,853.829,853.905,853.980,854.056,854.132,854.207,854.283,854.359,854.434,854.510,854.586,854.661,854.737,854.813,854.888,854.964,855.040,855.115,855.191,855.266,855.342,855.418,855.493,855.569,855.644,855.720,855.796,855.871,855.947,856.022,856.098,856.174,856.249,856.325,856.400,856.476,856.551,856.627,856.703,856.778,856.854,856.929,857.005,857.080,857.156,857.231,857.307,857.382,857.458,857.533,857.609,857.685,857.760,857.836,857.911,857.987,858.062,858.138,858.213,858.289,858.364,858.440,858.515,858.590,858.666,858.741,858.817,858.892,858.968,859.043,859.119,859.194,859.270,859.345,859.421,859.496,859.571,859.647,859.722,859.798,859.873,859.949,860.024,860.099,860.175,860.250,860.326,860.401,860.476,860.552,860.627,860.703,860.778,860.853,860.929,861.004,861.079,861.155,861.230,861.306,861.381,861.456,861.532,861.607,861.682,861.758,861.833,861.908,861.984,862.059,862.134,862.210,862.285,862.360,862.436,862.511,862.586,862.662,862.737,862.812,862.888,862.963,863.038,863.113,863.189,863.264,863.339,863.415,863.490,863.565,863.640,863.716,863.791,863.866,863.941,864.017,864.092,864.167,864.242,864.318,864.393,864.468,864.543,864.619,864.694,864.769,864.844,864.919,864.995,865.070,865.145,865.220,865.295,865.371,865.446,865.521,865.596,865.671,865.747,865.822,865.897,865.972,866.047,866.122,866.198,866.273,866.348,866.423,866.498,866.573,866.648,866.724,866.799,866.874,866.949,867.024,867.099,867.174,867.249,867.325,867.400,867.475,867.550,867.625,867.700,867.775,867.850,867.925,868.000,868.076,868.151,868.226,868.301,868.376,868.451,868.526,868.601,868.676,868.751,868.826,868.901,868.976,869.051,869.126,869.201,869.276,869.351,869.426,869.501,869.576,869.651,869.727,869.802,869.877,869.952,870.027,870.102,870.177,870.252,870.326,870.401,870.476,870.551,870.626,870.701,870.776,870.851,870.926,871.001,871.076,871.151,871.226,871.301,871.376,871.451,871.526,871.601,871.676,871.751,871.826,871.900,871.975,872.050,872.125,872.200,872.275,872.350,872.425,872.500,872.575,872.649,872.724,872.799,872.874,872.949,873.024,873.099,873.174,873.248,873.323,873.398,873.473,873.548,873.623,873.698,873.772,873.847,873.922,873.997,874.072,874.147,874.221,874.296,874.371,874.446,874.521,874.596,874.670,874.745,874.820,874.895,874.969,875.044,875.119,875.194,875.269,875.343,875.418,875.493,875.568,875.642,875.717,875.792,875.867,875.941,876.016,876.091,876.166,876.240,876.315,876.390,876.465,876.539,876.614,876.689,876.763,876.838,876.913,876.988,877.062,877.137,877.212,877.286,877.361,877.436,877.510,877.585,877.660,877.734,877.809,877.884,877.958,878.033,878.108,878.182,878.257,878.332,878.406,878.481,878.556,878.630,878.705,878.780,878.854,878.929,879.003,879.078,879.153,879.227,879.302,879.377,879.451,879.526,879.600,879.675,879.750,879.824,879.899,879.973,880.048,880.122,880.197,880.272,880.346,880.421,880.495,880.570,880.644,880.719,880.793,880.868,880.943,881.017,881.092,881.166,881.241,881.315,881.390,881.464,881.539,881.613,881.688,881.762,881.837,881.911,881.986,882.060,882.135,882.209,882.284,882.358,882.433,882.507,882.581,882.656,882.730,882.805,882.879,882.954,883.028,883.103,883.177,883.252,883.326,883.400,883.475,883.549,883.624,883.698,883.773,883.847,883.921,883.996,884.070,884.145,884.219,884.293,884.368,884.442,884.517,884.591,884.665,884.740,884.814,884.888,884.963,885.037,885.112,885.186,885.260,885.335,885.409,885.483,885.558,885.632,885.706,885.781,885.855,885.929,886.004,886.078,886.152,886.227,886.301,886.375,886.450,886.524,886.598,886.672,886.747,886.821,886.895,886.970,887.044,887.118,887.192,887.267,887.341,887.415,887.489,887.564,887.638,887.712,887.786,887.861,887.935,888.009,888.083,888.158,888.232,888.306,888.380,888.455,888.529,888.603,888.677,888.751,888.826,888.900,888.974,889.048,889.122,889.197,889.271,889.345,889.419,889.493,889.567,889.642,889.716,889.790,889.864,889.938,890.012,890.087,890.161,890.235,890.309,890.383,890.457,890.531,890.605,890.680,890.754,890.828,890.902,890.976,891.050,891.124,891.198,891.272,891.347,891.421,891.495,891.569,891.643,891.717,891.791,891.865,891.939,892.013,892.087,892.161,892.235,892.310,892.384,892.458,892.532,892.606,892.680,892.754,892.828,892.902,892.976,893.050,893.124,893.198,893.272,893.346,893.420,893.494,893.568,893.642,893.716,893.790,893.864,893.938,894.012,894.086,894.160,894.234,894.308,894.382,894.456,894.530,894.604,894.678,894.752,894.826,894.899,894.973,895.047,895.121,895.195,895.269,895.343,895.417,895.491,895.565,895.639,895.713,895.787,895.860,895.934,896.008,896.082,896.156,896.230,896.304,896.378,896.452,896.525,896.599,896.673,896.747,896.821,896.895,896.969,897.042,897.116,897.190,897.264,897.338,897.412,897.485,897.559,897.633,897.707,897.781,897.855,897.928,898.002,898.076,898.150,898.224,898.297,898.371,898.445,898.519,898.593,898.666,898.740,898.814,898.888,898.961,899.035,899.109,899.183,899.257,899.330,899.404,899.478,899.552,899.625,899.699,899.773,899.846,899.920,899.994,900.068,900.141,900.215,900.289,900.363,900.436,900.510,900.584,900.657,900.731,900.805,900.878,900.952,901.026,901.099,901.173,901.247,901.320,901.394,901.468,901.542,901.615,901.689,901.762,901.836,901.910,901.983,902.057,902.131,902.204,902.278,902.352,902.425,902.499,902.572,902.646,902.720,902.793,902.867,902.940,903.014,903.088,903.161,903.235,903.308,903.382,903.456,903.529,903.603,903.676,903.750,903.823,903.897,903.970,904.044,904.118,904.191,904.265,904.338,904.412,904.485,904.559,904.632,904.706,904.779,904.853,904.926,905.000,905.073,905.147,905.220,905.294,905.367,905.441,905.514,905.588,905.661,905.735,905.808,905.882,905.955,906.029,906.102,906.176,906.249,906.323,906.396,906.469,906.543,906.616,906.690,906.763,906.837,906.910,906.984,907.057,907.130,907.204,907.277,907.351,907.424,907.497,907.571,907.644,907.718,907.791,907.864,907.938,908.011,908.085,908.158,908.231,908.305,908.378,908.451,908.525,908.598,908.671,908.745,908.818,908.891,908.965,909.038,909.112,909.185,909.258,909.331,909.405,909.478,909.551,909.625,909.698,909.771,909.845,909.918,909.991,910.065,910.138,910.211,910.284,910.358,910.431,910.504,910.578,910.651,910.724,910.797,910.871,910.944,911.017,911.090,911.164,911.237,911.310,911.383,911.457,911.530,911.603,911.676,911.749,911.823,911.896,911.969,912.042,912.115,912.189,912.262,912.335,912.408,912.481,912.555,912.628,912.701,912.774,912.847,912.921,912.994,913.067,913.140,913.213,913.286,913.359,913.433,913.506,913.579,913.652,913.725,913.798,913.871,913.945,914.018,914.091,914.164,914.237,914.310,914.383,914.456,914.529,914.603,914.676,914.749,914.822,914.895,914.968,915.041,915.114,915.187,915.260,915.333,915.406,915.479,915.553,915.626,915.699,915.772,915.845,915.918,915.991,916.064,916.137,916.210,916.283,916.356,916.429,916.502,916.575,916.648,916.721,916.794,916.867,916.940,917.013,917.086,917.159,917.232,917.305,917.378,917.451,917.524,917.597,917.670,917.743,917.816,917.889,917.962,918.035,918.108,918.180,918.253,918.326,918.399,918.472,918.545,918.618,918.691,918.764,918.837,918.910,918.983,919.056,919.128,919.201,919.274,919.347,919.420,919.493,919.566,919.639,919.712,919.784,919.857,919.930,920.003,920.076,920.149,920.222,920.294,920.367,920.440,920.513,920.586,920.659,920.732,920.804,920.877,920.950,921.023,921.096,921.168,921.241,921.314,921.387,921.460,921.532,921.605,921.678,921.751,921.824,921.896,921.969,922.042,922.115,922.187,922.260,922.333,922.406,922.479,922.551,922.624,922.697,922.769,922.842,922.915,922.988,923.060,923.133,923.206,923.279,923.351,923.424,923.497,923.569,923.642,923.715,923.788,923.860,923.933,924.006,924.078,924.151,924.224,924.296,924.369,924.442,924.514,924.587,924.660,924.732,924.805,924.878,924.950,925.023,925.096,925.168,925.241,925.314,925.386,925.459,925.531,925.604,925.677,925.749,925.822,925.894,925.967,926.040,926.112,926.185,926.258,926.330,926.403,926.475,926.548,926.620,926.693,926.766,926.838,926.911,926.983,927.056,927.128,927.201,927.273,927.346,927.419,927.491,927.564,927.636,927.709,927.781,927.854,927.926,927.999,928.071,928.144,928.216,928.289,928.361,928.434,928.506,928.579,928.651,928.724,928.796,928.869,928.941,929.014,929.086,929.159,929.231,929.303,929.376,929.448,929.521,929.593,929.666,929.738,929.811,929.883,929.956,930.028,930.100,930.173,930.245,930.318,930.390,930.462,930.535,930.607,930.680,930.752,930.824,930.897,930.969,931.042,931.114,931.186,931.259,931.331,931.403,931.476,931.548,931.621,931.693,931.765,931.838,931.910,931.982,932.055,932.127,932.199,932.272,932.344,932.416,932.489,932.561,932.633,932.706,932.778,932.850,932.922,932.995,933.067,933.139,933.212,933.284,933.356,933.428,933.501,933.573,933.645,933.718,933.790,933.862,933.934,934.007,934.079,934.151,934.223,934.296,934.368,934.440,934.512,934.584,934.657,934.729,934.801,934.873,934.946,935.018,935.090,935.162,935.234,935.307,935.379,935.451,935.523,935.595,935.668,935.740,935.812,935.884,935.956,936.028,936.101,936.173,936.245,936.317,936.389,936.461,936.534,936.606,936.678,936.750,936.822,936.894,936.966,937.038,937.111,937.183,937.255,937.327,937.399,937.471,937.543,937.615,937.687,937.759,937.832,937.904,937.976,938.048,938.120,938.192,938.264,938.336,938.408,938.480,938.552,938.624,938.696,938.768,938.840,938.912,938.984,939.057,939.129,939.201,939.273,939.345,939.417,939.489,939.561,939.633,939.705,939.777,939.849,939.921,939.993,940.065,940.137,940.209,940.281,940.353,940.425,940.497,940.568,940.640,940.712,940.784,940.856,940.928,941.000,941.072,941.144,941.216,941.288,941.360,941.432,941.504,941.576,941.648,941.720,941.791,941.863,941.935,942.007,942.079,942.151,942.223,942.295,942.367,942.438,942.510,942.582,942.654,942.726,942.798,942.870,942.942,943.013,943.085,943.157,943.229,943.301,943.373,943.445,943.516,943.588,943.660,943.732,943.804,943.876,943.947,944.019,944.091,944.163,944.235,944.306,944.378,944.450,944.522,944.594,944.665,944.737,944.809,944.881,944.952,945.024,945.096,945.168,945.240,945.311,945.383,945.455,945.527,945.598,945.670,945.742,945.814,945.885,945.957,946.029,946.100
2346.903,2348.133,2349.363,2350.592,2351.822,2353.051,2354.279,2355.508,2356.735,2357.964,2359.192,2360.419,2361.646,2362.872,2364.098,2365.325,2366.551,2367.775,2369.001,2370.226,2371.451,2372.675,2373.899,2375.123,2376.347,2377.570,2378.792,2380.015,2381.238,2382.460,2383.682,2384.903,2386.125,2387.345,2388.565,2389.786,2391.006,2392.225,2393.445,2394.664,2395.883,2397.101,2398.320,2399.538,2400.755,2401.974,2403.191,2404.407,2405.624,2406.840,2408.056,2409.272,2410.488,2411.703,2412.917,2414.132,2415.347,2416.560,2417.774,2418.988,2420.201,2421.413,2422.627,2423.839,2425.051,2426.263,2427.474,2428.685,2429.896,2431.107,2432.317,2433.527,2434.736,2435.946,2437.155,2438.365,2439.573,2440.781,2441.989,2443.197,2444.404,2445.612,2446.819,2448.025,2449.232,2450.438,2451.644,2452.849,2454.054,2455.259,2456.464,2457.669,2458.872,2460.076,2461.280,2462.484,2463.686,2464.889,2466.091,2467.294,2468.495,2469.696,2470.898,2472.099,2473.300,2474.500,2475.700,2476.900,2478.100,2479.299,2480.498,2481.697,2482.896,2484.093,2485.292,2486.490,2487.686,2488.884,2490.080,2491.277,2492.473,2493.669,2494.864,2496.061,2497.256,2498.450,2499.645,2500.839,2502.033,2503.227,2504.421,2505.613,2506.806,2507.999,2509.191,2510.383,2511.576,2512.767,2513.957,2515.149,2516.340,2517.530,2518.720,2519.910,2521.100,2522.289,2523.478,2524.667,2525.855,2527.044,2528.231,2529.419,2530.606,2531.794,2532.980,2534.167,2535.352,2536.539,2537.724,2538.910,2540.095,2541.280,2542.464,2543.649,2544.833,2546.016,2547.200,2548.383,2549.566,2550.749,2551.932,2553.113,2554.295,2555.477,2556.658,2557.839,2559.020,2560.201,2561.381,2562.560,2563.741,2564.920,2566.099,2567.278,2568.456,2569.634,2570.812,2571.990,2573.168,2574.344,2575.522,2576.699,2577.874,2579.051,2580.227,2581.402,2582.577,2583.753,2584.927,2586.102,2587.276,2588.450,2589.624,2590.797,2591.970,2593.143,2594.316,2595.488,2596.660,2597.831,2599.003,2600.175,2601.345,2602.516,2603.686,2604.857,2606.026,2607.196,2608.366,2609.535,2610.703,2611.871,2613.040,2614.208,2615.375,2616.543,2617.710,2618.877,2620.044,2621.210,2622.376,2623.542,2624.707,2625.873,2627.038,2628.203,2629.367,2630.531,2631.695,2632.859,2634.023,2635.186,2636.348,2637.511,2638.673,2639.836,2640.998,2642.158,2643.320,2644.481,2645.641,2646.802,2647.963,2649.122,2650.282,2651.442,2652.600,2653.759,2654.918,2656.076,2657.234,2658.392,2659.550,2660.707,2661.864,2663.021,2664.177,2665.333,2666.489,2667.645,2668.800,2669.956,2671.110,2672.265,2673.419,2674.573,2675.728,2676.881,2678.034,2679.187,2680.339,2681.492,2682.644,2683.796,2684.948,2686.100,2687.251,2688.401,2689.552,2690.703,2691.852,2693.003,2694.152,2695.301,2696.451,2697.599,2698.747,2699.896,2701.044,2702.192,2703.339,2704.487,2705.634,2706.780,2707.926,2709.072,2710.218,2711.364,2712.509,2713.655,2714.799,2715.944,2717.088,2718.233,2719.376,2720.520,2721.663,2722.807,2723.949,2725.092,2726.234,2727.376,2728.518,2729.658,2730.800,2731.941,2733.082,2734.222,2735.362,2736.502,2737.642,2738.781,2739.920,2741.059,2742.197,2743.336,2744.474,2745.612,2746.749,2747.887,2749.024,2750.160,2751.297,2752.433,2753.569,2754.705,2755.840,2756.975,2758.111,2759.245,2760.380,2761.514,2762.648,2763.781,2764.915,2766.048,2767.180,2768.314,2769.446,2770.578,2771.710,2772.841,2773.972,2775.104,2776.235,2777.365,2778.495,2779.626,2780.755,2781.885,2783.014,2784.143,2785.272,2786.401,2787.529,2788.656,2789.784,2790.912,2792.040,2793.166,2794.293,2795.419,2796.546,2797.672,2798.797,2799.923,2801.048,2802.173,2803.298,2804.422,2805.547,2806.670,2807.793,2808.917,2810.041,2811.163,2812.286,2813.408,2814.531,2815.652,2816.774,2817.895,2819.016,2820.137,2821.257,2822.378,2823.498,2824.618,2825.738,2826.857,2827.976,2829.095,2830.213,2831.332,2832.450,2833.567,2834.685,2835.802,2836.919,2838.036,2839.153,2840.269,2841.385,2842.501,2843.617,2844.732,2845.847,2846.961,2848.076,2849.190,2850.304,2851.419,2852.532,2853.645,2854.758,2855.871,2856.983,2858.095,2859.208,2860.319,2861.431,2862.542,2863.653,2864.764,2865.874,2866.985,2868.094,2869.205,2870.314,2871.424,2872.532,2873.641,2874.749,2875.858,2876.965,2878.073,2879.181,2880.288,2881.395,2882.502,2883.609,2884.714,2885.821,2886.927,2888.032,2889.138,2890.242,2891.347,2892.452,2893.556,2894.659,2895.764,2896.867,2897.971,2899.074,2900.176,2901.279,2902.381,2903.484,2904.585,2905.687,2906.788,2907.889,2908.990,2910.090,2911.190,2912.290,2913.391,2914.490,2915.589,2916.688,2917.787,2918.886,2919.984,2921.082,2922.180,2923.278,2924.374,2925.472,2926.569,2927.666,2928.761,2929.858,2930.953,2932.049,2933.144,2934.240,2935.335,2936.429,2937.524,2938.618,2939.712,2940.805,2941.899,2942.992,2944.085,2945.178,2946.270,2947.362,2948.454,2949.546,2950.637,2951.729,2952.819,2953.910,2955.000,2956.090,2957.181,2958.271,2959.360,2960.449,2961.538,2962.627,2963.715,2964.804,2965.892,2966.980,2968.067,2969.155,2970.241,2971.329,2972.415,2973.501,2974.587,2975.673,2976.759,2977.844,2978.930,2980.014,2981.099,2982.183,2983.267,2984.351,2985.435,2986.518,2987.602,2988.685,2989.767,2990.850,2991.932,2993.014,2994.096,2995.177,2996.259,2997.339,2998.420,2999.501,3000.581,3001.661,3002.740,3003.820,3004.899,3005.978,3007.057,3008.136,3009.215,3010.293,3011.370,3012.448,3013.526,3014.603,3015.680,3016.756,3017.833,3018.909,3019.985,3021.060,3022.137,3023.212,3024.287,3025.361,3026.436,3027.510,3028.584,3029.657,3030.731,3031.805,3032.878,3033.951,3035.024,3036.095,3037.168,3038.240,3039.312,3040.383,3041.454,3042.525,3043.596,3044.667,3045.737,3046.807,3047.877,3048.946,3050.015,3051.084,3052.153,3053.222,3054.290,3055.358,3056.426,3057.494,3058.561,3059.628,3060.695,3061.762,3062.828,3063.895,3064.961,3066.026,3067.092,3068.157,3069.222,3070.287,3071.351,3072.415,3073.480,3074.543,3075.607,3076.671,3077.733,3078.797,3079.859,3080.921,3081.984,3083.046,3084.108,3085.169,3086.230,3087.291,3088.352,3089.413,3090.473,3091.533,3092.593,3093.652,3094.712,3095.771,3096.830,3097.889,3098.947,3100.006,3101.064,3102.121,3103.178,3104.236,3105.293,3106.350,3107.406,3108.463,3109.519,3110.575,3111.631,3112.686,3113.741,3114.796,3115.851,3116.905,3117.960,3119.013,3120.068,3121.121,3122.174,3123.228,3124.280,3125.333,3126.385,3127.437,3128.489,3129.541,3130.593,3131.644,3132.695,3133.745,3134.796,3135.847,3136.896,3137.947,3138.996,3140.046,3141.094,3142.144,3143.192,3144.241,3145.289,3146.337,3147.384,3148.432,3149.479,3150.526,3151.573,3152.620,3153.667,3154.713,3155.758,3156.804,3157.849,3158.895,3159.940,3160.985,3162.029,3163.073,3164.118,3165.162,3166.205,3167.249,3168.292,3169.335,3170.377,3171.420,3172.462,3173.505,3174.546,3175.588,3176.629,3177.670,3178.711,3179.752,3180.792,3181.832,3182.872,3183.913,3184.952,3185.991,3187.030,3188.069,3189.107,3190.146,3191.184,3192.222,3193.260,3194.298,3195.334,3196.372,3197.409,3198.445,3199.482,3200.517,3201.553,3202.589,3203.624,3204.659,3205.694,3206.730,3207.764,3208.798,3209.833,3210.867,3211.899,3212.933,3213.966,3215.000,3216.032,3217.065,3218.097,3219.129,3220.161,3221.192,3222.223,3223.255,3224.286,3225.316,3226.347,3227.377,3228.407,3229.437,3230.466,3231.496,3232.525,3233.554,3234.583,3235.611,3236.639,3237.667,3238.695,3239.722,3240.750,3241.777,3242.804,3243.831,3244.857,3245.883,3246.909,3247.935,3248.960,3249.986,3251.011,3252.036,3253.061,3254.085,3255.109,3256.133,3257.157,3258.180,3259.204,3260.227,3261.249,3262.272,3263.295,3264.317,3265.339,3266.361,3267.382,3268.404,3269.425,3270.446,3271.467,3272.486,3273.507,3274.527,3275.547,3276.566,3277.586,3278.604,3279.624,3280.642,3281.660,3282.679,3283.697,3284.714,3285.732,3286.749,3287.766,3288.783,3289.800,3290.816,3291.833,3292.849,3293.865,3294.880,3295.895,3296.911,3297.925,3298.940,3299.955,3300.969,3301.983,3302.997,3304.010,3305.023,3306.036,3307.049,3308.062,3309.074,3310.087,3311.099,3312.111,3313.123,3314.134,3315.145,3316.156,3317.167,3318.178,3319.188,3320.198,3321.208,3322.217,3323.226,3324.236,3325.245,3326.254,3327.262,3328.271,3329.279,3330.287,3331.294,3332.301,3333.309,3334.316,3335.323,3336.329,3337.335,3338.342,3339.348,3340.353,3341.359,3342.364,3343.369,3344.374,3345.378,3346.383,3347.387,3348.391,3349.395,3350.399,3351.402,3352.405,3353.408,3354.411,3355.413,3356.415,3357.417,3358.419,3359.421,3360.423,3361.424,3362.424,3363.425,3364.425,3365.426,3366.426,3367.426,3368.425,3369.425,3370.424,3371.424,3372.422,3373.421,3374.419,3375.417,3376.416,3377.413,3378.410,3379.408,3380.405,3381.401,3382.398,3383.395,3384.391,3385.387,3386.383,3387.379,3388.374,3389.369,3390.364,3391.359,3392.353,3393.347,3394.342,3395.335,3396.329,3397.323,3398.315,3399.309,3400.302,3401.294,3402.286,3403.279,3404.270,3405.262,3406.254,3407.245,3408.237,3409.228,3410.218,3411.208,3412.199,3413.189,3414.179,3415.168,3416.158,3417.147,3418.135,3419.125,3420.113,3421.101,3422.089,3423.077,3424.065,3425.053,3426.040,3427.027,3428.014,3429.001,3429.987,3430.973,3431.959,3432.945,3433.930,3434.916,3435.901,3436.887,3437.871,3438.855,3439.840,3440.824,3441.808,3442.792,3443.775,3444.758,3445.741,3446.724,3447.707,3448.690,3449.672,3450.654,3451.635,3452.617,3453.598,3454.580,3455.561,3456.541,3457.522,3458.503,3459.483,3460.462,3461.442,3462.422,3463.401,3464.380,3465.359,3466.338,3467.316,3468.294,3469.273,3470.250,3471.228,3472.205,3473.183,3474.160,3475.136,3476.113,3477.090,3478.066,3479.041,3480.017,3480.993,3481.968,3482.943,3483.918,3484.893,3485.867,3486.842,3487.816,3488.789,3489.764,3490.737,3491.710,3492.683,3493.656,3494.629,3495.601,3496.573,3497.545,3498.517,3499.489,3500.460,3501.431,3502.402,3503.373,3504.344,3505.314,3506.284,3507.255,3508.224,3509.194,3510.163,3511.132,3512.101,3513.070,3514.038,3515.007,3515.975,3516.943,3517.910,3518.878,3519.845,3520.812,3521.779,3522.746,3523.712,3524.679,3525.644,3526.610,3527.576,3528.542,3529.506,3530.472,3531.437,3532.401,3533.365,3534.330,3535.294,3536.258,3537.221,3538.185,3539.148,3540.110,3541.073,3542.036,3542.999,3543.960,3544.923,3545.884,3546.846,3547.807,3548.769,3549.729,3550.690,3551.651,3552.611,3553.571,3554.531,3555.491,3556.450,3557.410,3558.369,3559.327,3560.286,3561.245,3562.204,3563.161,3564.119,3565.077,3566.035,3566.992,3567.949,3568.906,3569.862,3570.819,3571.775,3572.731,3573.687,3574.643,3575.598,3576.553,3577.509,3578.464,3579.419,3580.373,3581.327,3582.281,3583.235,3584.188,3585.142,3586.095,3587.049,3588.002,3588.954,3589.906,3590.859,3591.811,3592.762,3593.714,3594.666,3595.617,3596.568,3597.519,3598.469,3599.420,3600.370,3601.320,3602.270,3603.220,3604.169,3605.119,3606.068,3607.016,3607.965,3608.913,3609.862,3610.810,3611.758,3612.705,3613.653,3614.600,3615.547,3616.495,3617.441,3618.387,3619.333,3620.280,3621.225,3622.171,3623.117,3624.062,3625.007,3625.952,3626.897,3627.841,3628.785,3629.729,3630.673,3631.617,3632.561,3633.503,3634.447,3635.390,3636.332,3637.275,3638.218,3639.159,3640.101,3641.043,3641.985,3642.926,3643.867,3644.808,3645.749,3646.689,3647.630,3648.570,3649.510,3650.450,3651.389,3652.328,3653.267,3654.206,3655.145,3656.083,3657.022,3657.960,3658.898,3659.836,3660.773,3661.711,3662.648,3663.585,3664.522,3665.458,3666.395,3667.331,3668.267,3669.203,3670.138,3671.074,3672.009,3672.944,3673.879,3674.813,3675.748,3676.682,3677.616,3678.550,3679.484,3680.417,3681.350,3682.283,3683.216,3684.149,3685.081,3686.014,3686.946,3687.878,3688.810,3689.741,3690.673,3691.603,3692.535,3693.465,3694.396,3695.326,3696.256,3697.187,3698.116,3699.046,3699.975,3700.904,3701.833,3702.762,3703.691,3704.619,3705.547,3706.475,3707.403,3708.331,3709.258,3710.185,3711.112,3712.039,3712.966,3713.893,3714.819,3715.745,3716.671,3717.596,3718.522,3719.447,3720.372,3721.297,3722.222,3723.147,3724.071,3724.995,3725.919,3726.843,3727.766,3728.690,3729.613,3730.537,3731.459,3732.382,3733.304,3734.227,3735.149,3736.070,3736.992,3737.914,3738.835,3739.756,3740.676,3741.597,3742.518,3743.439,3744.358,3745.279,3746.198,3747.118,3748.037,3748.957,3749.875,3750.794,3751.712,3752.631,3753.550,3754.468,3755.386,3756.303,3757.220,3758.138,3759.055,3759.972,3760.888,3761.805,3762.722,3763.637,3764.554,3765.469,3766.385,3767.300,3768.215,3769.130,3770.045,3770.960,3771.874,3772.789,3773.703,3774.617,3775.530,3776.443,3777.357,3778.270,3779.183,3780.096,3781.008,3781.920,3782.832,3783.745,3784.656,3785.568,3786.480,3787.391,3788.302,3789.213,3790.123,3791.034,3791.944,3792.854,3793.764,3794.673,3795.583,3796.493,3797.401,3798.311,3799.220,3800.128,3801.036,3801.945,3802.853,3803.760,3804.669,3805.576,3806.483,3807.390,3808.297,3809.204,3810.110,3811.017,3811.922,3812.829,3813.735,3814.640,3815.546,3816.450,3817.356,3818.260,3819.165,3820.070,3820.974,3821.878,3822.782,3823.686,3824.589,3825.493,3826.396,3827.299,3828.202,3829.104,3830.007,3830.909,3831.811,3832.713,3833.615,3834.516,3835.418,3836.318,3837.219,3838.121,3839.021,3839.921,3840.821,3841.721,3842.621,3843.521,3844.420,3845.320,3846.219,3847.118,3848.016,3848.915,3849.814,3850.711,3851.610,3852.507,3853.405,3854.302,3855.199,3856.097,3856.994,3857.890,3858.787,3859.683,3860.579,3861.475,3862.371,3863.267,3864.162,3865.057,3865.952,3866.847,3867.742,3868.637,3869.530,3870.425,3871.319,3872.212,3873.106,3874.000,3874.893,3875.786,3876.678,3877.571,3878.464,3879.356,3880.248,3881.140,3882.031,3882.923,3883.815,3884.706,3885.597,3886.487,3887.378,3888.269,3889.159,3890.049,3890.939,3891.829,3892.718,3893.607,3894.497,3895.386,3896.274,3897.163,3898.052,3898.940,3899.829,3900.716,3901.604,3902.491,3903.379,3904.266,3905.153,3906.040,3906.926,3907.813,3908.699,3909.585,3910.471,3911.357,3912.243,3913.128,3914.013,3914.898,3915.783,3916.668,3917.552,3918.437,3919.321,3920.205,3921.088,3921.972,3922.855,3923.738,3924.622,3925.505,3926.387,3927.270,3928.152,3929.034,3929.916,3930.798,3931.679,3932.561,3933.442,3934.323,3935.204,3936.084,3936.965,3937.845,3938.726,3939.606,3940.486,3941.365,3942.245,3943.124,3944.003,3944.882,3945.760,3946.639,3947.517,3948.396,3949.274,3950.152,3951.030,3951.907,3952.784,3953.661,3954.538,3955.415,3956.292,3957.168,3958.044,3958.920,3959.796,3960.672,3961.547,3962.422,3963.298,3964.173,3965.048,3965.922,3966.797,3967.671,3968.545,3969.419,3970.293,3971.166,3972.040,3972.913,3973.786,3974.659,3975.532,3976.404,3977.276,3978.148,3979.020,3979.892,3980.764,3981.635,3982.507,3983.378,3984.248,3985.119,3985.990,3986.860,3987.730,3988.600,3989.470,3990.340,3991.209,3992.079,3992.948,3993.817,3994.685,3995.554,3996.422,3997.291,3998.159,3999.027,3999.895,4000.762,4001.629,4002.497,4003.364,4004.231,4005.098,4005.964,4006.831,4007.696,4008.562,4009.429,4010.294,4011.159,4012.025,4012.890,4013.755,4014.619,4015.484,4016.349,4017.212,4018.077,4018.941,4019.804,4020.668,4021.532,4022.394,4023.257,4024.120,4024.983,4025.845,4026.708,4027.570,4028.432,4029.294,4030.155,4031.017,4031.878,4032.739,4033.600,4034.461,4035.321,4036.182,4037.042,4037.902,4038.762,4039.622,4040.481,4041.340,4042.200,4043.059,4043.918,4044.776,4045.635,4046.493,4047.351,4048.209,4049.067,4049.925,4050.783,4051.639,4052.497,4053.354,4054.210,4055.067,4055.923,4056.779,4057.636,4058.492,4059.347,4060.203,4061.059,4061.914,4062.769,4063.624,4064.478,4065.333,4066.187,4067.041,4067.895,4068.749,4069.603,4070.457,4071.309,4072.163,4073.016,4073.869,4074.721,4075.574,4076.426,4077.279,4078.130,4078.982,4079.834,4080.685,4081.537,4082.387,4083.238,4084.089,4084.940,4085.790,4086.640,4087.490,4088.341,4089.190,4090.040,4090.889,4091.738,4092.588,4093.437,4094.285,4095.134,4095.982,4096.830,4097.678,4098.526,4099.374,4100.221,4101.069,4101.916,4102.763,4103.610,4104.456,4105.303,4106.149,4106.996,4107.842,4108.687,4109.533,4110.378,4111.224,4112.069,4112.914,4113.758,4114.603,4115.448,4116.292,4117.137,4117.980,4118.824,4119.668,4120.511,4121.355,4122.198,4123.040,4123.884,4124.726,4125.568,4126.411,4127.253,4128.095,4128.936,4129.778,4130.620,4131.461,4132.302,4133.143,4133.984,4134.825,4135.665,4136.505,4137.346,4138.185,4139.025,4139.865,4140.704,4141.543,4142.382,4143.222,4144.060,4144.899,4145.737,4146.576,4147.413,4148.251,4149.089,4149.927,4150.764,4151.601,4152.439,4153.276,4154.112,4154.949,4155.785,4156.622,4157.458,4158.294,4159.129,4159.965,4160.800,4161.636,4162.471,4163.306,4164.141,4164.975,4165.809,4166.644,4167.478,4168.312,4169.146,4169.979,4170.813,4171.646,4172.479,4173.312,4174.145,4174.977,4175.810,4176.642,4177.474,4178.306,4179.138,4179.969,4180.801,4181.632,4182.463,4183.294,4184.125,4184.956,4185.786,4186.617,4187.446,4188.276,4189.106,4189.936,4190.765,4191.595,4192.424,4193.253,4194.081,4194.910,4195.739,4196.567,4197.395,4198.223,4199.051,4199.879,4200.706,4201.534,4202.361,4203.187,4204.015,4204.841,4205.667,4206.494,4207.320,4208.146,4208.972,4209.798,4210.624,4211.449,4212.273,4213.099,4213.924,4214.749,4215.573,4216.398,4217.221,4218.046,4218.869,4219.694,4220.517,4221.340,4222.163,4222.986,4223.810,4224.632,4225.455,4226.278,4227.099,4227.921,4228.744,4229.566,4230.387,4231.208,4232.030,4232.851,4233.672,4234.492,4235.314,4236.134,4236.954,4237.774,4238.595,4239.414,4240.234,4241.053,4241.873,4242.692,4243.511,4244.329,4245.148,4245.967,4246.785,4247.603,4248.422,4249.239,4250.057,4250.875,4251.692,4252.510,4253.327,4254.143,4254.960,4255.777,4256.593,4257.409,4258.225,4259.042,4259.857,4260.673,4261.488,4262.304,4263.119,4263.934,4264.749,4265.563,4266.378,4267.192,4268.006,4268.821,4269.635,4270.448,4271.262,4272.075,4272.888,4273.701,4274.514,4275.327,4276.140,4276.952,4277.764,4278.577,4279.388,4280.200,4281.012,4281.823,4282.634,4283.445,4284.257,4285.068,4285.878,4286.689,4287.499,4288.309,4289.119,4289.929,4290.739,4291.549,4292.357,4293.167,4293.976,4294.785,4295.594,4296.403,4297.211,4298.019,4298.827,4299.635,4300.443,4301.250,4302.058,4302.866,4303.673,4304.480,4305.287,4306.093,4306.900,4307.706,4308.513,4309.318,4310.124,4310.930,4311.736,4312.541,4313.347,4314.151,4314.957,4315.761,4316.566,4317.370,4318.175,4318.979,4319.783,4320.587,4321.390,4322.194,4322.998,4323.801,4324.604,4325.407,4326.210,4327.012,4327.815,4328.617,4329.419,4330.221,4331.023,4331.824,4332.626,4333.427
180.517,181.747,182.978,184.207,185.437,186.665,187.894,189.122,190.350,191.579,192.806,194.033,195.260,196.486,197.713,198.939,200.165,201.390,202.616,203.841,205.065,206.290,207.514,208.738,209.961,211.184,212.407,213.629,214.853,216.074,217.296,218.518,219.739,220.959,222.180,223.400,224.621,225.840,227.060,228.279,229.498,230.716,231.935,233.153,234.370,235.588,236.805,238.022,239.239,240.455,241.671,242.887,244.102,245.318,246.532,247.747,248.961,250.175,251.389,252.603,253.816,255.028,256.241,257.453,258.665,259.878,261.089,262.300,263.511,264.721,265.932,267.142,268.351,269.561,270.770,271.979,273.187,274.396,275.604,276.812,278.019,279.227,280.433,281.640,282.847,284.053,285.258,286.464,287.669,288.874,290.079,291.283,292.487,293.691,294.894,296.098,297.301,298.504,299.706,300.908,302.110,303.311,304.513,305.714,306.914,308.115,309.315,310.515,311.714,312.913,314.113,315.312,316.510,317.708,318.906,320.104,321.301,322.498,323.695,324.892,326.088,327.284,328.479,329.675,330.870,332.065,333.259,334.454,335.648,336.842,338.035,339.228,340.421,341.614,342.806,343.998,345.190,346.381,347.572,348.764,349.954,351.144,352.335,353.525,354.714,355.903,357.092,358.281,359.470,360.658,361.845,363.033,364.221,365.408,366.594,367.781,368.967,370.154,371.339,372.524,373.710,374.895,376.079,377.263,378.447,379.631,380.814,381.998,383.181,384.364,385.546,386.728,387.910,389.092,390.273,391.454,392.634,393.815,394.995,396.175,397.355,398.535,399.713,400.892,402.071,403.249,404.427,405.605,406.783,407.959,409.136,410.313,411.489,412.666,413.842,415.017,416.192,417.367,418.542,419.716,420.891,422.065,423.238,424.412,425.585,426.758,427.930,429.103,430.275,431.446,432.618,433.789,434.960,436.131,437.301,438.471,439.641,440.810,441.980,443.149,444.318,445.486,446.654,447.822,448.990,450.157,451.325,452.492,453.659,454.824,455.991,457.157,458.322,459.488,460.652,461.818,462.982,464.146,465.309,466.474,467.637,468.800,469.963,471.126,472.288,473.450,474.612,475.773,476.934,478.096,479.256,480.417,481.577,482.737,483.896,485.056,486.215,487.374,488.533,489.691,490.849,492.007,493.164,494.322,495.479,496.636,497.791,498.948,500.104,501.260,502.415,503.570,504.725,505.880,507.034,508.188,509.342,510.495,511.648,512.801,513.954,515.107,516.259,517.411,518.563,519.714,520.866,522.016,523.167,524.317,525.467,526.617,527.767,528.915,530.065,531.214,532.362,533.511,534.659,535.806,536.954,538.101,539.248,540.395,541.541,542.687,543.833,544.979,546.124,547.269,548.414,549.559,550.703,551.847,552.991,554.134,555.277,556.421,557.564,558.706,559.848,560.990,562.132,563.273,564.414,565.555,566.696,567.836,568.977,570.116,571.256,572.395,573.535,574.673,575.812,576.951,578.089,579.226,580.364,581.501,582.638,583.775,584.912,586.048,587.183,588.319,589.455,590.590,591.725,592.859,593.994,595.128,596.263,597.396,598.529,599.662,600.795,601.928,603.061,604.193,605.325,606.456,607.587,608.718,609.849,610.979,612.110,613.241,614.370,615.500,616.629,617.757,618.887,620.015,621.143,622.271,623.399,624.527,625.654,626.780,627.907,629.034,630.160,631.286,632.411,633.537,634.663,635.787,636.912,638.036,639.161,640.285,641.408,642.531,643.655,644.778,645.901,647.023,648.145,649.267,650.389,651.509,652.631,653.752,654.872,655.993,657.113,658.232,659.353,660.472,661.590,662.710,663.828,664.946,666.064,667.182,668.299,669.417,670.534,671.651,672.767,673.884,674.999,676.116,677.231,678.346,679.462,680.576,681.691,682.805,683.919,685.033,686.146,687.260,688.372,689.485,690.598,691.710,692.822,693.934,695.046,696.156,697.268,698.379,699.489,700.599,701.709,702.819,703.928,705.038,706.147,707.256,708.364,709.472,710.580,711.688,712.795,713.903,715.010,716.117,717.223,718.329,719.435,720.541,721.646,722.752,723.857,724.962,726.066,727.170,728.274,729.379,730.482,731.585,732.688,733.791,734.894,735.996,737.098,738.199,739.301,740.403,741.503,742.604,743.704,744.805,745.905,747.005,748.105,749.204,750.302,751.402,752.501,753.599,754.697,755.795,756.892,757.989,759.086,760.183,761.280,762.376,763.472,764.568,765.664,766.759,767.855,768.949,770.044,771.139,772.233,773.326,774.420,775.513,776.607,777.700,778.792,779.884,780.976,782.069,783.161,784.252,785.343,786.434,787.525,788.615,789.705,790.796,791.885,792.974,794.064,795.152,796.241,797.330,798.418,799.506,800.594,801.682,802.770,803.856,804.943,806.029,807.116,808.202,809.288,810.373,811.458,812.544,813.629,814.713,815.798,816.882,817.966,819.049,820.133,821.216,822.299,823.381,824.464,825.547,826.628,827.710,828.791,829.873,830.954,832.035,833.115,834.195,835.275,836.355,837.435,838.514,839.593,840.672,841.751,842.829,843.908,844.985,846.063,847.140,848.217,849.295,850.371,851.448,852.524,853.599,854.675,855.751,856.826,857.901,858.976,860.050,861.125,862.199,863.272,864.346,865.419,866.493,867.565,868.638,869.710,870.783,871.854,872.926,873.998,875.069,876.139,877.211,878.281,879.351,880.421,881.491,882.561,883.629,884.699,885.768,886.837,887.904,888.973,890.040,891.108,892.175,893.243,894.310,895.376,896.442,897.509,898.575,899.641,900.706,901.772,902.837,903.902,904.966,906.030,907.094,908.158,909.222,910.285,911.348,912.411,913.474,914.536,915.599,916.661,917.722,918.784,919.845,920.906,921.966,923.027,924.088,925.148,926.208,927.267,928.327,929.386,930.444,931.504,932.562,933.620,934.678,935.736,936.793,937.851,938.908,939.964,941.021,942.077,943.134,944.190,945.245,946.300,947.356,948.411,949.466,950.520,951.574,952.628,953.682,954.736,955.789,956.842,957.895,958.948,960.000,961.052,962.104,963.156,964.207,965.259,966.310,967.360,968.411,969.461,970.511,971.561,972.610,973.660,974.709,975.758,976.807,977.855,978.903,979.951,980.999,982.046,983.094,984.141,985.188,986.235,987.281,988.328,989.373,990.419,991.464,992.510,993.554,994.600,995.644,996.688,997.733,998.776,999.820,1000.863,1001.906,1002.949,1003.992,1005.035,1006.077,1007.119,1008.160,1009.202,1010.244,1011.285,1012.326,1013.366,1014.407,1015.447,1016.487,1017.527,1018.566,1019.606,1020.645,1021.683,1022.722,1023.760,1024.799,1025.837,1026.875,1027.912,1028.949,1029.986,1031.023,1032.059,1033.096,1034.132,1035.168,1036.204,1037.239,1038.274,1039.309,1040.344,1041.379,1042.413,1043.447,1044.481,1045.514,1046.548,1047.581,1048.614,1049.646,1050.679,1051.712,1052.743,1053.776,1054.807,1055.838,1056.870,1057.901,1058.931,1059.961,1060.992,1062.021,1063.051,1064.081,1065.110,1066.140,1067.169,1068.198,1069.225,1070.254,1071.282,1072.310,1073.337,1074.365,1075.392,1076.419,1077.445,1078.472,1079.498,1080.524,1081.549,1082.575,1083.600,1084.625,1085.650,1086.675,1087.700,1088.723,1089.748,1090.772,1091.795,1092.819,1093.841,1094.864,1095.887,1096.909,1097.931,1098.954,1099.976,1100.997,1102.018,1103.039,1104.060,1105.081,1106.101,1107.121,1108.142,1109.162,1110.181,1111.200,1112.219,1113.238,1114.257,1115.275,1116.294,1117.311,1118.329,1119.346,1120.364,1121.381,1122.398,1123.414,1124.431,1125.447,1126.463,1127.479,1128.494,1129.510,1130.526,1131.540,1132.555,1133.569,1134.583,1135.598,1136.611,1137.625,1138.638,1139.651,1140.664,1141.677,1142.689,1143.701,1144.714,1145.726,1146.737,1147.748,1148.760,1149.771,1150.781,1151.792,1152.802,1153.813,1154.822,1155.832,1156.841,1157.851,1158.860,1159.868,1160.877,1161.885,1162.893,1163.901,1164.908,1165.916,1166.924,1167.931,1168.937,1169.944,1170.950,1171.957,1172.962,1173.968,1174.974,1175.979,1176.984,1177.988,1178.993,1179.997,1181.002,1182.006,1183.010,1184.013,1185.017,1186.020,1187.022,1188.025,1189.027,1190.030,1191.032,1192.034,1193.035,1194.037,1195.038,1196.039,1197.040,1198.040,1199.040,1200.040,1201.040,1202.040,1203.040,1204.039,1205.038,1206.036,1207.035,1208.034,1209.032,1210.030,1211.027,1212.025,1213.023,1214.019,1215.016,1216.013,1217.010,1218.006,1219.002,1219.998,1220.993,1221.988,1222.983,1223.978,1224.973,1225.967,1226.962,1227.957,1228.950,1229.944,1230.937,1231.930,1232.924,1233.916,1234.909,1235.901,1236.893,1237.885,1238.877,1239.868,1240.860,1241.851,1242.842,1243.832,1244.823,1245.814,1246.803,1247.793,1248.783,1249.772,1250.761,1251.750,1252.739,1253.728,1254.716,1255.704,1256.692,1257.680,1258.667,1259.655,1260.642,1261.629,1262.616,1263.602,1264.588,1265.574,1266.560,1267.545,1268.531,1269.516,1270.501,1271.486,1272.470,1273.454,1274.438,1275.423,1276.407,1277.389,1278.373,1279.356,1280.339,1281.322,1282.304,1283.286,1284.269,1285.250,1286.232,1287.213,1288.194,1289.175,1290.156,1291.137,1292.117,1293.097,1294.077,1295.057,1296.036,1297.016,1297.995,1298.974,1299.953,1300.930,1301.909,1302.887,1303.865,1304.843,1305.820,1306.797,1307.774,1308.751,1309.727,1310.704,1311.680,1312.656,1313.632,1314.607,1315.583,1316.558,1317.533,1318.508,1319.482,1320.456,1321.431,1322.404,1323.378,1324.351,1325.325,1326.298,1327.270,1328.244,1329.216,1330.188,1331.160,1332.132,1333.103,1334.075,1335.046,1336.017,1336.988,1337.959,1338.928,1339.899,1340.869,1341.838,1342.808,1343.777,1344.746,1345.716,1346.684,1347.652,1348.621,1349.590,1350.557,1351.525,1352.492,1353.460,1354.427,1355.393,1356.360,1357.327,1358.293,1359.259,1360.225,1361.190,1362.156,1363.121,1364.087,1365.051,1366.016,1366.980,1367.945,1368.909,1369.872,1370.836,1371.799,1372.763,1373.725,1374.688,1375.651,1376.613,1377.575,1378.537,1379.499,1380.461,1381.422,1382.383,1383.344,1384.304,1385.266,1386.226,1387.186,1388.146,1389.105,1390.065,1391.024,1391.984,1392.942,1393.901,1394.860,1395.818,1396.776,1397.734,1398.691,1399.649,1400.606,1401.563,1402.521,1403.477,1404.433,1405.390,1406.346,1407.301,1408.257,1409.213,1410.168,1411.123,1412.078,1413.033,1413.987,1414.942,1415.895,1416.850,1417.803,1418.757,1419.710,1420.663,1421.616,1422.569,1423.521,1424.473,1425.425,1426.377,1427.329,1428.280,1429.232,1430.183,1431.134,1432.084,1433.035,1433.985,1434.935,1435.885,1436.835,1437.784,1438.734,1439.682,1440.631,1441.580,1442.528,1443.476,1444.425,1445.372,1446.320,1447.267,1448.215,1449.162,1450.109,1451.055,1452.002,1452.948,1453.894,1454.840,1455.786,1456.731,1457.676,1458.622,1459.567,1460.511,1461.456,1462.400,1463.344,1464.288,1465.232,1466.175,1467.118,1468.061,1469.005,1469.947,1470.890,1471.832,1472.774,1473.716,1474.658,1475.599,1476.540,1477.482,1478.423,1479.363,1480.304,1481.244,1482.184,1483.124,1484.064,1485.003,1485.943,1486.882,1487.821,1488.760,1489.698,1490.636,1491.574,1492.513,1493.450,1494.388,1495.326,1496.263,1497.200,1498.136,1499.073,1500.009,1500.946,1501.882,1502.818,1503.753,1504.688,1505.624,1506.558,1507.494,1508.428,1509.363,1510.297,1511.230,1512.165,1513.098,1514.032,1514.965,1515.898,1516.831,1517.763,1518.696,1519.628,1520.561,1521.493,1522.424,1523.356,1524.287,1525.218,1526.149,1527.079,1528.011,1528.941,1529.871,1530.801,1531.731,1532.660,1533.589,1534.519,1535.447,1536.376,1537.305,1538.234,1539.162,1540.089,1541.018,1541.945,1542.872,1543.800,1544.727,1545.654,1546.580,1547.507,1548.434,1549.359,1550.285,1551.211,1552.136,1553.062,1553.987,1554.912,1555.837,1556.761,1557.686,1558.610,1559.534,1560.458,1561.381,1562.305,1563.228,1564.151,1565.074,1565.996,1566.918,1567.841,1568.763,1569.685,1570.607,1571.528,1572.450,1573.371,1574.291,1575.212,1576.133,1577.053,1577.973,1578.893,1579.812,1580.733,1581.652,1582.571,1583.490,1584.409,1585.327,1586.245,1587.164,1588.082,1589.000,1589.918,1590.835,1591.752,1592.669,1593.586,1594.503,1595.419,1596.336,1597.252,1598.168,1599.084,1600.000,1600.915,1601.830,1602.745,1603.660,1604.575,1605.489,1606.403,1607.317,1608.231,1609.144,1610.058,1610.971,1611.885,1612.797,1613.710,1614.622,1615.535,1616.447,1617.359,1618.271,1619.182,1620.094,1621.005,1621.916,1622.827,1623.738,1624.648,1625.559,1626.469,1627.379,1628.288,1629.198,1630.107,1631.016,1631.925,1632.834,1633.743,1634.651,1635.559,1636.467,1637.375,1638.283,1639.191,1640.098,1641.005,1641.912,1642.818,1643.725,1644.631,1645.537,1646.443,1647.349,1648.254,1649.160,1650.065,1650.970,1651.875,1652.780,1653.684,1654.588,1655.493,1656.397,1657.301,1658.204,1659.107,1660.011,1660.914,1661.817,1662.719,1663.621,1664.524,1665.426,1666.327,1667.229,1668.131,1669.032,1669.933,1670.834,1671.735,1672.635,1673.536,1674.436,1675.336,1676.236,1677.135,1678.035,1678.934,1679.833,1680.732,1681.631,1682.529,1683.428,1684.326,1685.224,1686.122,1687.020,1687.917,1688.814,1689.712,1690.608,1691.505,1692.401,1693.298,1694.194,1695.090,1695.986,1696.881,1697.776,1698.672,1699.567,1700.462,1701.356,1702.251,1703.145,1704.040,1704.933,1705.827,1706.720,1707.614,1708.507,1709.400,1710.293,1711.186,1712.078,1712.970,1713.863,1714.755,1715.646,1716.538,1717.429,1718.320,1719.212,1720.102,1720.993,1721.883,1722.773,1723.664,1724.554,1725.443,1726.333,1727.222,1728.111,1729.000,1729.889,1730.778,1731.666,1732.555,1733.443,1734.331,1735.219,1736.106,1736.993,1737.880,1738.768,1739.654,1740.541,1741.428,1742.314,1743.200,1744.086,1744.972,1745.857,1746.743,1747.628,1748.513,1749.398,1750.282,1751.167,1752.051,1752.935,1753.819,1754.703,1755.587,1756.470,1757.353,1758.237,1759.119,1760.002,1760.884,1761.766,1762.649,1763.531,1764.412,1765.294,1766.176,1767.056,1767.938,1768.819,1769.699,1770.580,1771.460,1772.340,1773.220,1774.100,1774.980,1775.859,1776.738,1777.617,1778.496,1779.375,1780.253,1781.132,1782.010,1782.888,1783.766,1784.644,1785.521,1786.399,1787.276,1788.153,1789.029,1789.906,1790.782,1791.658,1792.535,1793.411,1794.286,1795.162,1796.037,1796.912,1797.787,1798.662,1799.537,1800.412,1801.285,1802.160,1803.034,1803.907,1804.781,1805.654,1806.528,1807.400,1808.273,1809.146,1810.019,1810.891,1811.763,1812.635,1813.507,1814.378,1815.250,1816.121,1816.992,1817.863,1818.734,1819.604,1820.474,1821.345,1822.215,1823.085,1823.954,1824.824,1825.693,1826.562,1827.431,1828.300,1829.169,1830.037,1830.905,1831.773,1832.641,1833.509,1834.377,1835.244,1836.111,1836.979,1837.845,1838.712,1839.578,1840.445,1841.311,1842.177,1843.043,1843.909,1844.774,1845.639,1846.504,1847.369,1848.234,1849.099,1849.963,1850.827,1851.691,1852.555,1853.419,1854.282,1855.146,1856.009,1856.872,1857.735,1858.597,1859.460,1860.323,1861.185,1862.047,1862.908,1863.770,1864.631,1865.493,1866.354,1867.214,1868.075,1868.936,1869.797,1870.657,1871.517,1872.376,1873.237,1874.096,1874.955,1875.815,1876.674,1877.532,1878.391,1879.249,1880.108,1880.966,1881.824,1882.682,1883.540,1884.397,1885.254,1886.111,1886.969,1887.825,1888.682,1889.538,1890.394,1891.250,1892.106,1892.962,1893.818,1894.673,1895.528,1896.383,1897.238,1898.093,1898.948,1899.801,1900.656,1901.510,1902.364,1903.217,1904.071,1904.924,1905.778,1906.630,1907.484,1908.336,1909.188,1910.040,1910.893,1911.745,1912.597,1913.448,1914.300,1915.151,1916.002,1916.853,1917.704,1918.555,1919.405,1920.255,1921.105,1921.955,1922.805,1923.654,1924.504,1925.353,1926.202,1927.051,1927.900,1928.748,1929.597,1930.445,1931.293,1932.141,1932.989,1933.836,1934.683,1935.531,1936.377,1937.224,1938.071,1938.918,1939.764,1940.610,1941.456,1942.302,1943.147,1943.993,1944.839,1945.684,1946.529,1947.373,1948.218,1949.062,1949.907,1950.751,1951.595,1952.439,1953.283,1954.126,1954.969,1955.812,1956.655,1957.498,1958.341,1959.183,1960.025,1960.867,1961.709,1962.551,1963.393,1964.234,1965.076,1965.917,1966.758,1967.598,1968.439,1969.280,1970.120,1970.960,1971.800,1972.639,1973.479,1974.319,1975.158,1975.997,1976.836,1977.675,1978.513,1979.352,1980.190,1981.028,1981.866,1982.704,1983.542,1984.379,1985.216,1986.053,1986.890,1987.727,1988.563,1989.400,1990.236,1991.072,1991.908,1992.744,1993.579,1994.415,1995.250,1996.085,1996.920,1997.755,1998.590,1999.424,2000.258,2001.093,2001.926,2002.760,2003.594,2004.427,2005.260,2006.093,2006.927,2007.759,2008.592,2009.424,2010.256,2011.089,2011.921,2012.752,2013.584,2014.416,2015.247,2016.078,2016.909,2017.739,2018.570,2019.400,2020.231,2021.061,2021.891,2022.721,2023.551,2024.380,2025.209,2026.038,2026.867,2027.696,2028.525,2029.353,2030.182,2031.010,2031.837,2032.666,2033.493,2034.321,2035.148,2035.975,2036.802,2037.629,2038.456,2039.282,2040.109,2040.935,2041.761,2042.587,2043.412,2044.238,2045.063,2045.888,2046.713,2047.538,2048.363,2049.187,2050.012,2050.836,2051.660,2052.484,2053.308,2054.132,2054.955,2055.778,2056.601,2057.424,2058.247,2059.070,2059.892,2060.714,2061.536,2062.358,2063.180,2064.002,2064.823,2065.644,2066.465,2067.287,2068.107,2068.928,2069.748,2070.568,2071.388,2072.209,2073.029,2073.848,2074.668,2075.487,2076.307,2077.126,2077.944,2078.763,2079.582,2080.400,2081.218,2082.036,2082.854,2083.672,2084.489,2085.306,2086.124,2086.941,2087.758,2088.575,2089.391,2090.208,2091.024,2091.840,2092.656,2093.472,2094.288,2095.103,2095.918,2096.734,2097.548,2098.364,2099.178,2099.993,2100.807,2101.621,2102.435,2103.249,2104.063,2104.876,2105.690,2106.503,2107.316,2108.129,2108.942,2109.754,2110.566,2111.379,2112.191,2113.003,2113.815,2114.626,2115.438,2116.249,2117.060,2117.871,2118.682,2119.493,2120.303,2121.113,2121.924,2122.734,2123.544,2124.353,2125.163,2125.972,2126.782,2127.591,2128.399,2129.208,2130.017,2130.825,2131.633,2132.442,2133.250,2134.058,2134.865,2135.673,2136.480,2137.288,2138.095,2138.901,2139.708,2140.514,2141.321,2142.127,2142.933,2143.739,2144.545,2145.350,2146.156,2146.961,2147.766,2148.571,2149.376,2150.181,2150.985,2151.789,2152.593,2153.397,2154.201,2155.005,2155.809,2156.612,2157.416,2158.218,2159.021,2159.824,2160.627,2161.429,2162.231,2163.033,2163.836,2164.637,2165.439,2166.240,2167.041
6023,5970,5958,6045,5945,6025,6026,5979,6030,5983,6014,5933,6034,5964,5962,5999,6005,5977,5935,6027,5874,5969,5987,5944,6019,5930,5995,5912,5971,5866,5910,5963,5935,5929,5902,5991,5855,5924,5920,5889,5868,5799,5869,5843,5870,5905,5923,5962,5841,5822,5884,5931,5853,5851,5918,5879,5894,5791,5836,5892,5808,5839,5888,5834,5896,5886,5866,5829,5828,5883,5843,5827,5879,5787,5790,5763,5783,5831,5748,5734,5835,5782,5739,5735,5835,5725,5739,5692,5710,5716,5716,5775,5670,5702,5704,5681,5711,5700,5642,5701,5611,5650,5694,5715,5631,5662,5599,5706,5627,5631,5653,5632,5661,5627,5567,5663,5603,5634,5617,5571,5544,5558,5581,5576,5600,5604,5519,5558,5612,5605,5552,5515,5528,5566,5468,5471,5463,5471,5471,5451,5427,5525,5496,5414,5454,5431,5349,5479,5552,5512,5447,5486,5527,5440,5507,5436,5403,5401,5446,5466,5431,5474,5408,5396,5389,5448,5382,5336,5381,5396,5395,5414,5390,5384,5404,5317,5412,5312,5358,5331,5373,5381,5331,5339,5355,5376,5368,5321,5349,5310,5344,5242,5282,5350,5276,5309,5275,5288,5289,5274,5285,5296,5280,5248,5218,5241,5239,5285,5243,5229,5205,5264,5219,5245,5180,5239,5208,5196,5211,5273,5188,5204,5221,5144,5235,5147,5215,5136,5195,5135,5180,5155,5181,5228,5189,5117,5237,5094,5096,5141,5159,5169,5128,5091,5062,5058,5077,5078,5158,5129,5096,5083,5046,5067,5068,5080,5094,5007,5044,5036,5040,5028,4965,4999,5038,5038,4973,5002,4974,4937,4897,4974,4931,4967,5068,4965,5005,4981,4975,4894,4964,4973,4921,4978,4922,4941,4886,4917,4958,4907,4895,4943,4967,4945,4903,4877,4860,4846,4867,4931,4865,4843,4852,4879,4887,4898,4836,4848,4816,4807,4887,4869,4805,4856,4763,4795,4826,4848,4803,4790,4797,4780,4767,4722,4783,4787,4792,4764,4741,4755,4716,4794,4749,4752,4733,4671,4647,4745,4665,4684,4671,4692,4715,4705,4600,4665,4694,4697,4715,4688,4673,4644,4675,4642,4631,4617,4581,4598,4618,4670,4597,4645,4583,4582,4623,4618,4617,4612,4606,4628,4589,4548,4603,4578,4540,4567,4579,4560,4550,4598,4559,4579,4536,4558,4512,4506,4563,4606,4521,4515,4539,4546,4474,4547,4534,4532,4474,4523,4450,4461,4515,4408,4502,4464,4462,4474,4473,4462,4462,4442,4491,4425,4493,4484,4465,4447,4469,4413,4456,4392,4459,4443,4477,4473,4442,4393,4434,4450,4423,4403,4381,4402,4376,4417,4379,4396,4378,4369,4377,4420,4436,4363,4345,4359,4334,4376,4395,4379,4367,4409,4358,4378,4354,4419,4374,4373,4336,4405,4305,4367,4339,4361,4390,4301,4328,4285,4303,4326,4328,4235,4332,4340,4240,4260,4251,4288,4295,4261,4269,4303,4291,4250,4197,4261,4243,4244,4253,4214,4240,4248,4276,4210,4275,4266,4232,4264,4208,4220,4237,4236,4227,4152,4180,4160,4201,4185,4176,4216,4213,4195,4133,4108,4148,4137,4131,4133,4122,4115,4091,4088,4078,4147,4049,4128,4057,4078,4092,4066,4092,4085,4066,4120,4107,4029,4100,4033,4045,4010,4053,4080,4034,4037,4023,3999,3970,4019,4040,4025,4076,3967,3986,4097,4004,4016,4025,3979,3920,3954,3923,3953,3987,3931,3998,3945,3918,3952,3908,3919,3921,3927,3907,3924,3883,3921,3896,3882,3939,3896,3863,3883,3852,3840,3891,3868,3855,3884,3806,3837,3811,3844,3836,3861,3829,3865,3839,3852,3828,3851,3825,3754,3810,3813,3827,3813,3749,3768,3792,3795,3789,3794,3815,3812,3816,3784,3785,3793,3775,3802,3783,3811,3770,3836,3779,3791,3757,3788,3739,3775,3737,3753,3747,3790,3722,3748,3741,3708,3765,3722,3691,3747,3743,3722,3746,3720,3702,3755,3739,3703,3682,3641,3705,3689,3680,3715,3718,3649,3662,3655,3651,3647,3639,3638,3619,3683,3643,3687,3671,3638,3680,3603,3633,3666,3576,3645,3581,3646,3629,3570,3631,3615,3648,3599,3632,3661,3608,3606,3611,3607,3553,3602,3596,3610,3545,3548,3575,3607,3606,3585,3552,3565,3547,3573,3558,3583,3580,3508,3538,3547,3521,3536,3595,3502,3541,3589,3571,3531,3537,3522,3538,3553,3512,3517,3485,3527,3534,3500,3556,3537,3542,3537,3469,3460,3454,3462,3528,3512,3504,3501,3446,3485,3522,3483,3540,3487,3532,3459,3460,3504,3467,3462,3507,3441,3491,3455,3483,3415,3460,3456,3457,3433,3468,3466,3483,3417,3437,3433,3448,3439,3408,3440,3459,3410,3416,3443,3443,3418,3428,3365,3372,3426,3404,3401,3386,3369,3362,3405,3363,3388,3337,3370,3397,3368,3385,3359,3351,3380,3370,3341,3360,3333,3335,3389,3373,3332,3353,3297,3308,3330,3308,3346,3345,3339,3332,3315,3333,3304,3309,3377,3319,3361,3352,3312,3341,3275,3311,3292,3311,3292,3295,3318,3305,3281,3346,3268,3238,3266,3305,3288,3297,3322,3272,3231,3245,3265,3255,3284,3235,3245,3248,3246,3204,3264,3228,3200,3201,3259,3235,3232,3260,3187,3211,3176,3193,3233,3202,3211,3234,3233,3154,3214,3195,3155,3197,3180,3194,3138,3182,3179,3194,3195,3158,3163,3203,3173,3167,3140,3164,3148,3155,3160,3172,3168,3121,3136,3176,3102,3130,3121,3091,3138,3170,3137,3100,3170,3115,3096,3140,3130,3109,3116,3134,3098,3118,3110,3076,3104,3075,3116,3085,3113,3080,3089,3086,3106,3091,3070,3113,3082,3076,3085,3097,3075,3080,3023,3063,3095,3055,3097,3067,3105,3094,3048,3071,3067,3010,3051,3050,3029,3106,3014,3055,3066,3041,3067,3040,3035,3106,3036,3020,3032,3030,3052,3031,3020,3048,3024,3031,2996,3074,3043,3009,3020,3034,2995,2991,3004,2977,3045,3013,3013,2985,2987,2964,3012,2997,2991,3020,3000,2983,2974,2939,3006,2980,2992,2988,2996,2982,2972,2956,2972,2939,2932,2947,2934,2922,2939,2931,2958,2916,2951,2944,2935,2956,2936,2936,2942,2909,2934,2922,2923,2947,2895,2917,2873,2916,2900,2911,2892,2913,2926,2874,2868,2884,2891,2871,2877,2903,2887,2888,2894,2872,2895,2862,2880,2850,2863,2853,2854,2841,2876,2862,2854,2834,2815,2843,2867,2872,2821,2835,2869,2877,2817,2850,2862,2801,2811,2850,2805,2848,2847,2829,2823,2816,2826,2827,2819,2830,2802,2779,2782,2792,2839,2802,2798,2791,2794,2840,2823,2781,2786,2759,2771,2771,2794,2786,2763,2758,2761,2741,2805,2744,2748,2740,2753,2730,2739,2731,2735,2730,2722,2738,2766,2712,2720,2702,2738,2752,2721,2703,2714,2721,2713,2727,2713,2704,2744,2702,2713,2699,2712,2692,2723,2715,2689,2719,2684,2688,2718,2703,2677,2684,2670,2679,2713,2662,2688,2656,2672,2692,2726,2692,2665,2662,2697,2683,2668,2676,2665,2639,2675,2581,2661,2667,2660,2639,2665,2626,2673,2613,2647,2641,2643,2607,2641,2624,2611,2577,2655,2597,2604,2624,2623,2608,2628,2627,2622,2613,2612,2633,2618,2627,2621,2584,2575,2575,2591,2621,2583,2645,2629,2590,2579,2578,2604,2597,2620,2567,2565,2557,2575,2579,2581,2574,2591,2580,2586,2583,2541,2549,2549,2537,2571,2553,2586,2536,2553,2549,2568,2553,2537,2548,2586,2549,2531,2532,2519,2510,2517,2538,2526,2529,2528,2566,2531,2527,2532,2523,2516,2515,2510,2514,2506,2509,2505,2519,2525,2495,2547,2510,2535,2477,2504,2467,2513,2479,2522,2479,2505,2523,2530,2507,2472,2519,2476,2501,2475,2514,2472,2495,2490,2468,2464,2460,2500,2470,2517,2451,2468,2496,2471,2471,2479,2494,2476,2457,2505,2455,2497,2479,2503,2471,2468,2454,2476,2466,2438,2444,2435,2485,2444,2458,2461,2451,2445,2435,2437,2436,2434,2437,2457,2455,2429,2447,2433,2443,2419,2421,2466,2459,2431,2423,2446,2427,2436,2426,2416,2415,2415,2428,2405,2439,2410,2412,2443,2391,2404,2406,2408,2414,2414,2383,2405,2414,2391,2351,2409,2385,2410,2396,2415,2400,2428,2400,2390,2431,2398,2391,2372,2384,2410,2400,2361,2381,2402,2383,2408,2387,2414,2363,2372,2360,2383,2362,2369,2365,2377,2352,2350,2380,2377,2348,2354,2378,2369,2363,2351,2352,2375,2327,2378,2400,2347,2383,2328,2340,2375,2353,2349,2353,2347,2357,2355,2339,2342,2335,2346,2340,2324,2356,2327,2329,2347,2330,2327,2349,2321,2308,2348,2355,2354,2332,2308,2344,2349,2309,2338,2329,2333,2324,2325,2345,2323,2328,2318,2334,2312,2296,2324,2291,2308,2316,2333,2317,2287,2321,2312,2303,2316,2320,2327,2312,2304,2289,2318,2292,2318,2308,2291,2305,2306,2304,2301,2317,2302,2302,2293,2330,2301,2302,2297,2291,2281,2302,2274,2291,2278,2302,2291,2272,2285,2268,2251,2300,2248,2287,2299,2292,2277,2278,2262,2264,2271,2273,2276,2269,2277,2268,2268,2252,2278,2258,2239,2256,2282,2273,2247,2239,2250,2251,2255,2237,2248,2231,2238,2246,2212,2234,2254,2243,2252,2237,2224,2274,2222,2240,2222,2229,2229,2239,2237,2242,2219,2254,2221,2217,2243,2250,2223,2240,2192,2205,2232,2210,2231,2215,2208,2226,2202,2216,2231,2213,2199,2213,2223,2213,2233,2231,2182,2247,2232,2199,2221,2215,2225,2209,2225,2187,2196,2219,2212,2224,2203,2223,2216,2208,2210,2168,2200,2193,2215,2205,2182,2174,2180,2168,2205,2198,2196,2185,2205,2201,2181,2183,2171,2191,2195,2187,2168,2160,2173,2174,2194,2184,2181,2182,2168,2180,2164,2176,2155,2180,2167,2172,2165,2200,2181,2169,2170,2169,2146,2141,2162,2174,2144,2165,2147,2163,2168,2157,2159,2128,2156,2172,2169,2162,2166,2176,2166,2176,2150,2163,2163,2182,2174,2153,2163,2132,2152,2125,2130,2133,2131,2127,2125,2131,2133,2118,2146,2157,2130,2145,2142,2134,2167,2106,2134,2106,2137,2144,2118,2112,2115,2133,2147,2120,2150,2131,2155,2121,2134,2118,2128,2124,2120,2099,2127,2113,2135,2123,2122,2133,2101,2118,2127,2110,2129,2121,2127,2116,2087,2102,2107,2107,2088,2103,2099,2098,2103,2082,2118,2101,2099,2107,2067,2104,2099,2131,2132,2095,2100,2114,2087,2120,2104,2085,2114,2115,2108,2097,2109,2096,2086,2100,2058,2064,2088,2098,2091,2087,2089,2083,2075,2094,2074,2076,2087,2065,2060,2107,2088,2080,2069,2070,2105,2095,2089,2099,2088,2078,2083,2068,2072,2092,2062,2088,2069,2076,2056,2053,2083,2097,2077,2062,2067,2049,2069,2079,2060,2078,2073,2060,2026,2039,2058,2048,2057,2042,2063,2033,2072,2062,2041,2036,2036,2073,2059,2049,2044,2077,2041,2046,2079,2051,2050,2066,2048,2059,2050,2035,2053,2051,2034,2040,2061,2025,2031,2047,2049,2043,2020,2031,2043,2044,2049,2016,2057,2048,2045,2021,2044,2036,2021,2048,2015,2011,2035,2049,2028,2033,2005,2043,2042,2026,2006,2009,2026,2014,2037,2026,2028,2038,2023,2033,2031,2015,2016,2031,2043,2035,2040,2033,2015,2039,1995,2030,2015,2023,2029,2025,2016,2028,2040,2007,2024,2010,2021,2021,2026,2018,2014,2002,2006,1998,2005,2010,2021,2023,2001,2018,2026,2019,2011,2019,2004,2036,2008,2031,2014,2032,2010,2027,2020,2021,1999,2011,2007,2035,2017,2015,2041,2014,2029,1997,1995,2032,2011,2006,2020,1995,2027,2009,2005,2008,2025,1999,2010,2001,1996,1999,1995,2007,2018,2016,1979,2006,2019,1998,2001,2023,1984,2011,1990,1987,1996,2012,2017,1986,2016,2003,2013,1999,1991,1996,2004,1986,2014,2029,2014,2002,2022,2003,2012,2018,2004,2008,2000,1970,2000,1985,1998,2000,2006,1992,1983,1992,1965,1967,1993,1980,1977,1969,1989,1974,1982,1987,1973,1989,1997,1984,1988
15195,14912,14681,14646,14376,14079,13977,13945,13892,13851,13723,13557,13406,13187,13083,12908,12845,12641,12556,12498,12570,12472,12358,12355,12312,12205,12301,12291,12310,12014,12138,12079,12015,11841,11885,11778,11677,11623,11608,11657,11595,11622,11623,11591,11518,11543,11430,11563,11472,11575,11670,11744,11758,11733,11514,11652,11570,11411,11426,11508,11522,11575,11559,11634,11703,11547,11548,11616,11633,11532,11475,11466,11498,11486,11440,11371,11425,11524,11517,11472,11429,11497,11468,11447,11449,11357,11572,11508,11502,11558,11531,11488,11489,11553,11499,11457,11540,11419,11584,11480,11377,11454,11549,11531,11622,11459,11580,11563,11599,11519,11620,11544,11619,11574,11675,11699,11714,11710,11766,11869,11744,11712,11768,11788,11782,11722,11788,11853,11783,11769,11722,11795,11760,11759,11786,11855,11773,11745,11766,11809,11818,11879,11886,11784,11784,11839,11789,11894,11917,11792,11979,11836,11850,11876,11940,12005,12041,12043,12090,12020,12102,12108,12177,12131,12132,12131,12203,12123,12135,12237,12094,12141,12133,12263,12126,12209,12184,12131,12186,12225,12213,12136,12276,12224,12078,12280,12300,12165,12255,12177,12233,12196,12120,12149,12211,12252,12255,12151,12174,12220,12125,12147,12192,12191,12186,12148,12184,12054,12231,12215,12116,12175,12126,12186,12103,12129,12082,12083,12042,12204,12145,12146,12063,12131,12160,12189,12068,12040,11986,11896,11884,11897,11909,11783,11680,11773,11760,11763,11686,11694,11711,11630,11637,11509,11461,11529,11558,11484,11478,11596,11586,11604,11649,11641,11539,11630,11740,11554,11565,11561,11456,11360,11246,11119,11159,11008,10829,10778,10616,10470,10412,10203,10169,9953,9882,9805,9609,9479,9592,9455,9354,9260,9139,9047,8964,8907,8842,8865,8798,8746,8664,8742,8572,8502,8502,8436,8416,8391,8500,8379,8317,8434,8260,8221,8281,8307,8168,8241,8151,8116,8184,8049,8036,8170,8107,8099,8090,7925,8009,7895,8065,7988,7905,7993,7946,7896,7874,7892,7871,7902,7880,7879,7879,7869,7913,7923,7863,7866,7913,7903,7837,7913,7835,7854,7880,7973,7891,7876,7881,7912,7881,7966,8041,7952,7962,7986,8008,7891,7893,8017,8034,7917,7902,7927,7866,7929,7897,7760,7824,7745,7726,7718,7757,7721,7650,7670,7651,7742,7539,7570,7491,7512,7535,7553,7456,7496,7486,7451,7491,7406,7454,7535,7374,7379,7422,7459,7415,7347,7297,7346,7354,7345,7307,7313,7312,7333,7264,7391,7206,7386,7318,7332,7195,7219,7251,7295,7252,7281,7216,7223,7193,7295,7222,7124,7223,7236,7162,7244,7193,7222,7160,7152,7190,7227,7221,7172,7072,7172,7144,7122,7214,7198,7172,7122,7091,7174,7087,7090,7055,7143,7078,7142,7069,7120,7128,7053,7029,7029,7143,7132,7129,7089,7069,7037,7092,7085,7060,7111,7124,7074,7009,7029,7090,7045,6985,6970,7059,7030,7068,7066,7068,7083,6997,7077,7158,7039,7001,6928,7035,7031,7030,7040,6979,7001,7000,7046,7014,7014,6981,7035,7054,6933,6964,6998,7010,7072,7058,7046,7130,7107,7079,7204,7220,7136,7190,7185,7222,7247,7232,7187,7244,7239,7289,7298,7203,7267,7302,7312,7254,7209,7301,7220,7273,7223,7272,7177,7212,7240,7195,7247,7208,7235,7268,7237,7208,7186,7167,7151,7152,7138,7196,7154,7127,7106,7142,7196,7100,7099,7076,7100,7123,7024,7039,7055,7002,7034,6974,7046,6898,6908,6908,6940,6949,6893,6922,6907,6835,6779,6818,6772,6829,6880,6758,6734,6750,6762,6666,6702,6701,6660,6659,6690,6624,6584,6611,6598,6565,6513,6538,6630,6580,6470,6533,6592,6520,6486,6532,6541,6541,6480,6477,6444,6512,6485,6498,6479,6474,6425,6441,6450,6454,6478,6493,6372,6459,6383,6417,6461,6428,6371,6309,6352,6374,6339,6376,6375,6334,6414,6364,6325,6316,6420,6351,6318,6371,6283,6297,6342,6342,6338,6354,6314,6282,6367,6276,6210,6308,6289,6229,6295,6301,6304,6326,6205,6219,6279,6188,6213,6215,6227,6207,6199,6153,6208,6201,6161,6157,6225,6133,6165,6223,6168,6081,6114,6057,6071,6113,6149,6147,6176,6083,6121,6091,6112,6037,6050,6069,6062,6126,6123,6081,6100,6045,6098,6032,6054,6072,5978,6026,5998,6032,6087,6045,6120,6096,6080,6020,6019,6057,5941,6035,6037,6043,6015,6074,6081,6020,6107,6091,6039,6062,6076,6106,5966,6079,6004,6003,6026,6066,6029,6043,6018,6147,5971,6041,6065,6014,6006,6042,6070,5974,6073,6082,6111,6018,6181,6038,6013,6024,6063,6073,6090,6077,6091,6098,6153,6066,6057,6077,6106,6067,6066,6070,6050,6122,6068,6108,6083,6081,6105,6096,6004,6093,6045,6069,6037,5993,6059,6039,6001,6019,6029,5971,5985,6030,5999,6032,6001,5964,5957,6022,6002,5891,5975,5961,5970,5975,6007,5934,5904,5878,5881,5993,5866,5900,5928,5959,5855,5914,5886,5902,5914,5921,5907,5843,5849,5839,5822,5844,5811,5768,5855,5846,5788,5824,5835,5817,5860,5867,5794,5786,5857,5838,5835,5770,5864,5803,5759,5811,5759,5845,5726,5778,5807,5765,5775,5766,5816,5783,5718,5753,5819,5804,5839,5759,5782,5793,5763,5803,5739,5794,5754,5682,5798,5813,5741,5735,5758,5748,5779,5742,5717,5813,5732,5719,5719,5714,5686,5736,5719,5698,5772,5745,5770,5731,5758,5648,5759,5821,5768,5713,5714,5720,5757,5781,5735,5716,5735,5721,5753,5678,5690,5786,5736,5738,5801,5703,5725,5720,5782,5767,5715,5719,5714,5754,5768,5712,5763,5730,5728,5787,5770,5788,5802,5770,5755,5754,5758,5714,5778,5791,5858,5757,5724,5741,5811,5732,5762,5790,5787,5743,5797,5769,5757,5781,5792,5812,5822,5802,5757,5804,5804,5829,5844,5849,5757,5812,5723,5807,5850,5758,5732,5774,5719,5702,5686,5719,5754,5744,5738,5658,5716,5634,5685,5765,5647,5741,5691,5654,5591,5705,5650,5720,5679,5675,5665,5630,5665,5634,5603,5584,5608,5616,5592,5584,5565,5557,5588,5584,5518,5617,5490,5552,5576,5581,5581,5552,5497,5561,5585,5482,5539,5498,5555,5500,5479,5510,5517,5499,5473,5447,5378,5480,5421,5378,5366,5421,5486,5489,5477,5405,5364,5469,5435,5411,5467,5475,5364,5338,5370,5447,5406,5385,5368,5373,5363,5334,5350,5378,5356,5441,5370,5374,5360,5315,5291,5308,5319,5319,5264,5285,5269,5301,5271,5266,5239,5304,5278,5214,5239,5235,5302,5270,5304,5217,5232,5230,5228,5204,5190,5217,5261,5184,5217,5199,5233,5149,5158,5218,5136,5240,5197,5200,5203,5196,5135,5126,5208,5211,5110,5156,5138,5146,5134,5134,5141,5140,5168,5120,5168,5108,5149,5180,5150,5104,5104,5149,5089,5103,5134,5158,5165,5120,5124,5094,5115,5059,5113,5104,5135,5088,5131,5145,5057,5110,5063,5121,5099,5099,5088,5161,5125,5127,5182,5137,5102,5105,5092,5118,5129,5091,5120,5108,5177,5088,5140,5118,5077,5110,5081,5135,5106,5037,5132,5094,5157,5093,5059,5053,5140,5137,5079,5142,5038,5070,5141,5033,5067,5066,5026,5070,5010,5052,5044,4979,5033,5065,5039,5039,4985,4960,5000,4990,4897,4953,5033,4929,4976,4955,4963,4934,4884,4930,4958,4941,4916,4942,4898,4970,4952,4963,4967,4938,4897,4912,4858,4989,4924,4955,4943,4910,4881,4850,4884,4902,4880,4840,4885,4899,4925,4907,4844,4848,4952,4831,4856,4842,4874,4888,4892,4847,4865,4812,4832,4857,4873,4822,4864,4759,4820,4840,4766,4774,4826,4813,4831,4859,4809,4820,4825,4869,4856,4822,4827,4834,4828,4775,4778,4811,4836,4851,4794,4823,4799,4817,4769,4816,4801,4749,4748,4827,4810,4776,4755,4796,4862,4762,4747,4799,4830,4783,4804,4772,4819,4724,4755,4750,4824,4825,4770,4817,4721,4702,4816,4712,4744,4791,4799,4772,4775,4721,4736,4709,4744,4700,4712,4736,4752,4694,4726,4733,4691,4757,4717,4756,4751,4723,4704,4734,4690,4728,4671,4686,4779,4731,4677,4694,4697,4634,4718,4697,4676,4653,4648,4714,4643,4638,4628,4629,4684,4669,4631,4671,4642,4691,4695,4583,4629,4664,4632,4621,4628,4590,4603,4628,4630,4579,4652,4604,4580,4576,4606,4608,4587,4642,4582,4566,4604,4577,4543,4607,4597,4580,4584,4604,4641,4627,4541,4520,4575,4586,4564,4549,4659,4563,4501,4537,4519,4558,4553,4467,4511,4503,4464,4531,4528,4507,4473,4519,4512,4485,4454,4506,4470,4466,4471,4414,4463,4484,4502,4505,4414,4450,4431,4485,4479,4433,4489,4457,4393,4412,4451,4494,4389,4406,4383,4432,4384,4397,4379,4428,4407,4389,4340,4325,4354,4347,4341,4332,4347,4338,4350,4368,4304,4356,4438,4345,4346,4342,4370,4324,4263,4316,4388,4258,4275,4305,4293,4353,4338,4282,4264,4250,4284,4278,4202,4278,4259,4246,4207,4271,4290,4205,4229,4243,4236,4225,4263,4231,4267,4195,4293,4212,4212,4219,4223,4221,4208,4234,4208,4220,4196,4221,4237,4187,4193,4191,4147,4147,4137,4198,4185,4121,4131,4141,4132,4121,4173,4180,4126,4128,4121,4177,4138,4178,4149,4154,4073,4142,4103,4157,4153,4157,4107,4104,4052,4103,4116,4060,4087,4064,4081,4120,4037,4102,4098,4059,4079,4110,4072,4124,4040,4086,4030,4057,4057,4076,4119,4091,4049,4051,4064,4096,4078,4056,4066,4092,4051,4047,4044,4084,4054,3989,4040,4010,4027,4046,4013,3980,3988,4060,3987,4030,3978,3954,3982,4039,3981,4040,3999,4020,4031,3999,3999,4037,4003,3978,4025,3974,4001,4025,4016,3977,3971,4005,4014,3957,3919,3943,3912,3960,3946,3959,3972,3993,3922,3896,3934,3951,3947,3895,3934,3882,3916,3898,3904,3951,3879,3917,3909,3918,3935,3948,3911,3940,3922,3872,3923,3935,3863,3924,3835,3862,3900,3942,3946,3857,3830,3879,3879,3875,3860,3807,3789,3835,3836,3829,3840,3870,3853,3837,3887,3861,3792,3770,3817,3898,3830,3827,3883,3842,3856,3817,3842,3853,3847,3847,3846,3825,3808,3815,3872,3804,3778,3777,3814,3802,3809,3822,3827,3731,3789,3766,3802,3735,3764,3784,3825,3712,3789,3758,3732,3783,3722,3735,3730,3791,3785,3761,3777,3792,3731,3799,3771,3771,3739,3803,3812,3785,3789,3720,3747,3751,3777,3766,3741,3758,3752,3745,3714,3689,3753,3723,3707,3677,3641,3718,3649,3695,3675,3741,3731,3691,3717,3692,3751,3723,3688,3722,3686,3735,3747,3658,3709,3705,3702,3717,3711,3716,3692,3707,3746,3724,3729,3657,3728,3697,3656,3668,3671,3669,3663,3659,3650,3616,3680,3660,3635,3641,3655,3615,3640,3583,3653,3609,3610,3623,3577,3591,3613,3616,3587,3569,3618,3603,3593,3639,3638,3593,3547,3636,3631,3603,3595,3590,3598,3587,3584,3598,3616,3578,3556,3558,3546,3590,3522,3569,3535,3543,3565,3567,3528,3513,3516,3488,3525,3514,3502,3494,3520,3495,3542,3515,3555,3527,3491,3537,3530,3539,3552,3536,3509,3542,3525,3513,3525,3493,3559,3486,3495,3489,3510,3499,3528,3532,3523,3489,3526,3498,3513,3490,3484,3515,3453,3462,3483,3531,3458,3443,3474,3461,3495,3459,3467,3460,3496,3467,3454,3443,3476,3413,3507,3460,3469,3458,3426,3475,3464,3470,3471,3453,3465,3435,3451,3490,3506,3491,3508,3498,3470,3473,3459,3456,3519,3506,3501,3476,3495,3496,3461,3481,3525,3463,3430,3489,3491,3448,3475,3415,3418,3460,3441,3452,3391,3387,3424,3426,3432,3416,3419,3435,3403,3431,3430,3413,3427,3443,3395,3376,3398,3421,3412,3415,3408,3414,3432,3408,3392,3396,3411,3404,3426,3456,3356,3394,3438,3379,3406,3400,3394,3401,3396,3386,3371,3365,3352,3383,3361,3401,3387,3340,3346,3355,3321,3307,3326,3353,3340,3323,3276,3375,3309,3340,3323,3295,3278,3305,3335,3347,3301
4343,4323,4334,4301,4291,4265,4304,4259,4294,4344,4338,4293,4351,4285,4328,4341,4284,4307,4261,4295,4248,4249,4300,4302,4299,4224,4274,4269,4235,4271,4228,4260,4278,4261,4253,4253,4238,4251,4225,4267,4256,4278,4246,4223,4205,4246,4251,4248,4197,4224,4181,4220,4223,4234,4246,4215,4206,4270,4179,4248,4294,4226,4111,4187,4245,4156,4191,4210,4221,4200,4201,4196,4219,4169,4210,4238,4174,4164,4109,4195,4175,4160,4123,4174,4170,4150,4165,4125,4120,4076,4077,4117,4103,4113,4134,4087,4124,4124,4099,4089,4113,4116,4134,4051,4093,4128,4088,4049,4085,4078,4125,4072,4106,4064,4104,4049,4093,4043,4124,4034,4012,4091,4024,4035,4099,4057,3983,4036,4040,4041,4050,3994,4049,4081,4034,3963,3984,3992,3938,4006,4015,4027,4005,3975,3989,3967,3977,3956,3975,3934,4026,3934,3950,3951,3991,3917,3951,3989,3933,3980,3975,3930,3939,3984,3967,3893,3924,3942,3915,3920,3977,3955,3901,3938,3913,3946,3921,3926,3924,3921,3902,3872,3906,3922,3907,3917,3910,3903,3883,3911,3878,3855,3898,3923,3933,3882,3831,3789,3898,3916,3862,3913,3859,3928,3869,3847,3821,3847,3833,3844,3842,3868,3855,3838,3820,3785,3878,3785,3840,3831,3870,3846,3816,3812,3826,3839,3769,3877,3817,3855,3789,3805,3785,3795,3846,3832,3763,3787,3831,3780,3779,3773,3796,3722,3758,3739,3740,3741,3801,3755,3732,3747,3708,3700,3697,3706,3726,3765,3716,3742,3725,3678,3696,3655,3723,3719,3669,3672,3697,3691,3652,3679,3657,3687,3668,3648,3641,3654,3704,3634,3702,3687,3678,3697,3652,3662,3668,3626,3628,3640,3641,3697,3675,3644,3663,3598,3625,3672,3605,3629,3623,3648,3609,3581,3646,3649,3602,3559,3584,3639,3599,3571,3563,3559,3547,3589,3571,3543,3585,3563,3572,3529,3565,3546,3527,3548,3531,3462,3534,3536,3561,3534,3514,3515,3522,3522,3531,3515,3553,3530,3502,3523,3495,3473,3530,3485,3469,3515,3496,3432,3496,3440,3484,3506,3506,3516,3483,3454,3469,3498,3520,3414,3483,3501,3454,3419,3454,3425,3415,3420,3426,3459,3483,3439,3443,3419,3429,3414,3473,3409,3445,3441,3454,3422,3422,3420,3395,3403,3407,3427,3428,3417,3408,3395,3358,3381,3427,3393,3314,3365,3412,3370,3379,3351,3394,3397,3370,3371,3404,3366,3383,3384,3375,3363,3367,3335,3375,3349,3379,3371,3382,3370,3366,3346,3402,3347,3384,3337,3331,3366,3373,3357,3340,3391,3372,3357,3376,3350,3330,3350,3289,3310,3323,3328,3311,3322,3314,3348,3327,3303,3343,3332,3297,3326,3328,3287,3323,3351,3341,3340,3281,3272,3267,3314,3307,3327,3233,3251,3275,3280,3248,3292,3290,3269,3268,3283,3254,3263,3261,3181,3237,3243,3241,3287,3248,3251,3261,3215,3235,3267,3248,3267,3257,3226,3242,3267,3233,3232,3218,3206,3254,3195,3213,3230,3203,3199,3228,3194,3230,3165,3177,3197,3166,3196,3166,3187,3149,3197,3188,3176,3162,3160,3155,3174,3155,3151,3172,3139,3169,3153,3143,3163,3150,3123,3137,3151,3135,3120,3110,3136,3107,3108,3105,3073,3099,3123,3091,3039,3116,3106,3086,3141,3097,3074,3093,3057,3063,3081,3022,3067,3108,3104,3050,3004,3074,3050,3074,3073,3026,3067,3040,3014,3068,3035,3065,3023,3020,3043,3008,3027,3015,2985,3005,3027,2974,3040,3032,2982,3022,3030,2995,3009,3003,2971,2974,3015,2994,2979,2962,2986,2983,2994,3015,3015,2963,2956,2962,2977,2999,2977,2952,2943,3005,2923,2964,2979,2972,2927,2997,2901,2932,2942,2948,2992,2958,2945,2921,2940,2943,2951,2930,2922,2912,2977,2939,2929,2901,2902,2970,2940,2938,2929,2883,2940,2919,2963,2916,2927,2880,2871,2911,2928,2883,2887,2854,2888,2935,2871,2922,2904,2907,2887,2892,2904,2880,2880,2921,2835,2888,2912,2873,2871,2918,2846,2883,2848,2870,2811,2861,2857,2873,2898,2847,2851,2859,2851,2874,2860,2845,2849,2871,2869,2836,2855,2859,2840,2812,2855,2826,2840,2846,2851,2827,2827,2854,2829,2822,2878,2801,2786,2809,2810,2827,2839,2807,2848,2809,2831,2824,2780,2786,2810,2819,2776,2794,2772,2779,2835,2781,2784,2797,2818,2773,2831,2808,2814,2767,2780,2777,2795,2798,2749,2784,2792,2770,2776,2768,2806,2783,2766,2754,2800,2760,2783,2763,2787,2803,2757,2794,2747,2757,2775,2772,2766,2742,2748,2768,2733,2729,2725,2775,2763,2735,2727,2747,2737,2764,2735,2723,2747,2721,2736,2747,2747,2735,2724,2725,2742,2701,2702,2715,2696,2747,2728,2692,2710,2702,2724,2719,2731,2690,2718,2719,2723,2699,2671,2706,2740,2695,2698,2685,2674,2688,2682,2688,2697,2698,2716,2695,2670,2721,2693,2685,2650,2666,2658,2690,2720,2656,2671,2690,2683,2679,2658,2688,2666,2643,2653,2671,2664,2647,2627,2637,2663,2654,2670,2655,2633,2631,2619,2641,2641,2622,2650,2651,2645,2642,2607,2647,2646,2608,2659,2629,2604,2620,2626,2629,2639,2628,2640,2625,2592,2613,2622,2613,2600,2597,2604,2598,2595,2614,2602,2610,2608,2607,2563,2574,2628,2580,2593,2600,2635,2600,2555,2576,2585,2600,2574,2583,2602,2622,2588,2583,2569,2568,2564,2575,2573,2589,2559,2550,2601,2595,2576,2570,2561,2567,2565,2577,2539,2560,2552,2548,2529,2515,2561,2566,2526,2534,2571,2544,2526,2533,2535,2548,2540,2537,2516,2545,2539,2531,2534,2501,2529,2508,2538,2522,2553,2525,2517,2554,2515,2528,2526,2486,2499,2543,2537,2523,2515,2525,2504,2498,2502,2514,2548,2514,2515,2520,2515,2470,2493,2519,2504,2477,2491,2520,2520,2497,2488,2500,2491,2495,2523,2507,2480,2480,2496,2496,2462,2475,2446,2498,2479,2459,2486,2491,2459,2449,2476,2487,2456,2459,2447,2463,2488,2444,2452,2436,2435,2443,2454,2426,2434,2471,2458,2444,2442,2465,2488,2457,2419,2442,2443,2438,2434,2449,2463,2446,2411,2428,2453,2417,2423,2432,2442,2411,2417,2383,2400,2394,2421,2416,2422,2388,2426,2435,2446,2388,2420,2410,2415,2388,2400,2409,2415,2390,2355,2402,2400,2397,2403,2383,2400,2377,2373,2385,2377,2360,2363,2349,2394,2377,2387,2377,2393,2387,2359,2361,2341,2369,2378,2355,2376,2345,2357,2342,2364,2350,2366,2338,2340,2380,2364,2351,2333,2355,2351,2298,2366,2346,2347,2358,2357,2338,2338,2312,2335,2348,2322,2311,2331,2331,2348,2298,2318,2325,2341,2337,2313,2302,2298,2312,2328,2311,2304,2315,2319,2307,2280,2309,2326,2311,2315,2291,2302,2303,2279,2299,2309,2307,2281,2299,2258,2296,2281,2283,2263,2298,2299,2274,2309,2284,2243,2274,2273,2262,2283,2295,2288,2300,2261,2281,2276,2283,2281,2270,2278,2266,2274,2219,2234,2260,2254,2287,2245,2262,2246,2240,2257,2236,2265,2248,2230,2212,2248,2253,2233,2228,2242,2233,2255,2227,2261,2237,2264,2224,2260,2251,2205,2231,2234,2225,2235,2225,2218,2245,2224,2221,2224,2214,2237,2206,2223,2199,2232,2242,2215,2220,2219,2205,2207,2210,2226,2194,2204,2212,2186,2213,2202,2185,2199,2199,2184,2171,2186,2193,2196,2196,2191,2212,2174,2192,2218,2163,2198,2199,2211,2188,2203,2168,2190,2185,2171,2172,2178,2178,2176,2180,2180,2155,2161,2152,2169,2164,2218,2155,2151,2171,2182,2192,2175,2191,2174,2150,2162,2183,2162,2178,2154,2182,2184,2152,2168,2154,2147,2160,2158,2135,2173,2147,2172,2142,2142,2172,2152,2138,2159,2154,2146,2144,2130,2151,2158,2178,2163,2153,2145,2146,2135,2118,2141,2126,2139,2142,2157,2131,2137,2140,2115,2127,2160,2127,2115,2149,2126,2112,2105,2149,2125,2121,2128,2109,2137,2136,2131,2121,2108,2132,2116,2121,2119,2128,2114,2119,2090,2118,2122,2121,2107,2122,2094,2064,2096,2096,2113,2116,2121,2086,2089,2113,2093,2116,2101,2090,2100,2089,2104,2104,2103,2103,2116,2096,2100,2087,2102,2103,2091,2073,2084,2094,2091,2081,2078,2087,2051,2112,2088,2087,2085,2100,2080,2076,2069,2071,2090,2071,2071,2082,2089,2081,2079,2089,2082,2060,2083,2076,2106,2071,2086,2093,2080,2087,2075,2069,2064,2070,2040,2083,2046,2055,2043,2056,2075,2085,2079,2072,2064,2058,2067,2071,2060,2042,2057,2056,2054,2089,2083,2061,2042,2066,2050,2038,2058,2085,2058,2062,2072,2074,2039,2045,2048,2051,2066,2029,2035,2042,2043,2049,2043,2051,2045,2053,2060,2051,2063,2046,2039,2036,2059,2028,2051,2052,2061,2048,2042,2055,2054,2043,2059,2018,2054,2027,2030,2023,2040,2044,2036,2043,2012,2032,2023,1994,2033,2021,2043,2030,2032,2035,2022,2018,2032,2030,2032,2014,2011,2022,2025,2029,2054,2026,2010,2021,2019,2037,2020,2020,2015,2006,2005,2021,2009,2015,2018,2013,2006,2000,2032,2026,2008,2011,2020,2011,1999,2011,2002,1995,1996,2006,1993,1993,2007,2000,1993,2011,2003,1988,2019,1984,2004,1972,1978,1992,1991,1989,1992,1993,1997,1996,1993,1975,1986,1998,1989,2002,1992,1990,1985,1995,1978,2005,1994,2020,1979,2001,1992,1980,1957,1965,1995,1962,1988,1958,1990,1979,1960,1993,1986,1962,1968,1966,1977,1968,1976,1978,1961,1986,1976,1984,1966,1971,1971,1978,1971,1963,1976,1995,2002,1985,1999,1981,1980,1968,1952,1978,1963,1947,1958,1971,1983,1938,1959,1961,1967,1961,1968,1952,1994,1949,1970,1956,1967,1939,1965,1934,1966,1948,1958,1975,1975,1940,1946,1956,1936,1951,1976,1960,1962,1931,1958,1947,1948,1963,1949,1954,1979,1936,1966,1959,1942,1954,1948,1934,1935,1948,1942,1945,1945,1955,1934,1946,1946,1939,1939,1944,1947,1920,1927,1955,1949,1939,1948,1935,1954,1932,1953,1929,1948,1937,1933,1947,1939,1944,1944,1943,1919,1932,1912,1950,1944,1922,1927,1934,1903,1919,1928,1905,1921,1925,1925,1928,1907,1926,1920,1936,1912,1925,1919,1904,1915,1935,1914,1913,1927,1919,1941,1907,1912,1921,1935,1917,1921,1916,1912,1933,1897,1931,1921,1917,1910,1935,1919,1918,1907,1927,1917,1911,1922,1913,1913,1926,1920,1896,1921,1895,1920,1901,1904,1895,1895,1898,1911,1916,1910,1893,1923,1932,1920,1920,1905,1903,1900,1931,1910,1905,1909,1919,1907,1903,1915,1906,1913,1894,1898,1887,1911,1908,1897,1906,1897,1911,1907,1892,1891,1890,1893,1895,1888,1900,1895,1883,1893,1895,1902,1905,1875,1902,1909,1893,1913,1908,1890,1885,1883,1911,1876,1898,1910,1879,1893,1897,1879,1893,1901,1878,1889,1891,1892,1884,1888,1880,1866,1864,1892,1903,1881,1883,1875,1903,1889,1883,1876,1874,1881,1878,1895,1880,1902,1894,1880,1907,1884,1880,1893,1882,1893,1878,1907,1888,1868,1880,1878,1869,1881,1895,1891,1884,1897,1903,1887,1872,1882,1882,1884,1898,1887,1883,1888,1872,1878,1872,1873,1881,1903,1876,1874,1889,1885,1883,1885,1889,1883,1883,1891,1876,1914,1899,1871,1886,1883,1882,1894,1896,1895,1894,1881,1903,1887,1892,1901,1893,1897,1890,1893,1890,1880,1897,1888,1889,1881,1891,1890,1888,1895,1906,1893,1882,1894,1874,1877,1883,1874,1878,1882,1884,1867,1883,1881,1883,1883,1888,1882,1876,1877,1874,1893,1872,1884,1884,1883,1886,1869,1894,1889,1869,1889,1873,1890,1873,1896,1888,1879,1880,1901,1873,1888,1878,1888,1872,1882,1877,1871,1876,1882,1898,1856,1868,1882,1883,1878,1873,1878,1880,1882,1872,1876,1868,1872,1883,1866,1871,1883,1855,1880,1880,1854,1850,1855,1894,1861
13763,13464,13091,12906,12598,12552,12366,12427,12347,12148,12074,11915,11811,11634,11355,11196,11070,10967,10814,10791,10825,10690,10608,10704,10539,10408,10498,10483,10481,10370,10250,10238,10247,10193,10089,10035,9883,9773,9779,9790,9750,9840,9677,9796,9706,9676,9605,9675,9596,9729,9768,9839,9979,9820,9732,9780,9656,9531,9632,9487,9660,9566,9672,9648,9603,9552,9578,9561,9664,9583,9578,9495,9543,9452,9473,9446,9398,9434,9390,9456,9356,9492,9396,9317,9327,9420,9524,9543,9516,9420,9591,9451,9462,9466,9468,9406,9485,9407,9434,9438,9427,9466,9395,9432,9398,9394,9393,9459,9511,9558,9467,9624,9464,9529,9615,9622,9595,9561,9526,9550,9580,9588,9665,9674,9600,9612,9735,9588,9543,9525,9537,9510,9635,9664,9535,9494,9495,9597,9539,9672,9586,9640,9546,9607,9494,9715,9586,9709,9580,9617,9687,9675,9723,9709,9682,9741,9681,9777,9786,9670,9737,9762,9772,9832,9774,9865,9778,9832,9765,9857,9809,9943,9929,9869,9865,9786,9912,9815,9891,9848,9818,9891,9883,9830,9944,9831,9885,9869,9907,9843,9799,9920,9855,9791,9825,9836,9818,9849,9817,9834,9856,9840,9830,9791,9884,9856,9729,9806,9760,9831,9772,9709,9844,9815,9747,9857,9790,9769,9817,9675,9774,9734,9637,9753,9803,9742,9658,9635,9589,9622,9580,9656,9506,9579,9471,9525,9417,9450,9398,9301,9291,9273,9395,9299,9265,9344,9279,9294,9217,9377,9210,9487,9328,9324,9286,9243,9326,9313,9304,9192,9222,9128,9056,9027,8912,8760,8721,8601,8489,8392,8381,8233,8148,8114,7921,7744,7713,7670,7593,7506,7417,7329,7321,7308,7242,7181,7149,7025,7064,7027,6903,6871,6891,6920,6819,6806,6696,6804,6723,6659,6642,6656,6628,6586,6625,6622,6577,6517,6546,6450,6524,6584,6442,6419,6524,6451,6282,6422,6370,6415,6454,6437,6443,6334,6343,6264,6330,6318,6347,6344,6322,6211,6242,6345,6259,6356,6260,6318,6235,6228,6232,6274,6246,6259,6270,6335,6327,6276,6287,6326,6343,6312,6383,6340,6344,6365,6297,6355,6394,6288,6381,6377,6345,6326,6331,6226,6274,6270,6179,6215,6203,6219,6114,6132,6104,6130,6111,6084,6025,5959,5995,5958,5975,6083,5949,5951,6007,5992,5881,5924,5862,5960,5938,5868,5889,5923,5867,5934,5881,5899,5879,5788,5810,5830,5813,5797,5793,5784,5803,5777,5803,5713,5749,5749,5807,5749,5702,5827,5754,5755,5666,5764,5696,5697,5697,5661,5699,5695,5735,5695,5769,5753,5691,5753,5695,5603,5748,5757,5725,5688,5711,5722,5640,5676,5672,5777,5693,5728,5702,5683,5704,5697,5652,5606,5726,5672,5702,5628,5539,5629,5658,5592,5650,5597,5682,5646,5623,5604,5641,5620,5656,5624,5642,5580,5562,5535,5589,5561,5604,5579,5549,5614,5567,5637,5584,5602,5531,5570,5575,5588,5612,5566,5609,5607,5566,5510,5575,5534,5609,5557,5627,5566,5515,5627,5624,5583,5631,5637,5658,5618,5639,5697,5707,5698,5796,5848,5797,5709,5767,5684,5726,5798,5792,5787,5790,5804,5820,5843,5783,5830,5834,5811,5789,5792,5814,5847,5840,5778,5718,5747,5711,5803,5768,5683,5750,5694,5714,5581,5689,5665,5691,5697,5700,5635,5654,5669,5614,5621,5657,5598,5657,5595,5613,5619,5592,5531,5485,5558,5540,5593,5559,5546,5565,5531,5521,5472,5507,5409,5460,5444,5383,5363,5386,5402,5361,5399,5345,5298,5286,5328,5303,5273,5235,5246,5215,5155,5222,5284,5204,5231,5166,5213,5191,5190,5158,5226,5188,5152,5116,5151,5152,5158,5202,5131,5108,5127,5117,5159,5162,5123,5117,5114,5164,5063,5085,5099,5119,5083,5083,5114,5125,5163,5152,5128,5081,5087,5112,5069,5090,5079,5058,5070,5063,5038,4981,5057,5025,5007,4994,5047,5035,5072,5002,4993,5031,4977,4970,4941,4980,4906,4989,4940,4966,4912,4956,5006,4954,4957,4985,4966,4955,4971,4914,4947,4922,4874,4943,4874,4917,4997,4912,4899,4872,4860,4911,4860,4911,4883,4857,4909,4842,4863,4869,4845,4836,4878,4895,4916,4920,4842,4848,4787,4788,4745,4827,4790,4834,4715,4774,4818,4816,4775,4823,4813,4827,4805,4825,4761,4816,4834,4774,4859,4827,4837,4766,4785,4849,4791,4813,4845,4805,4805,4785,4794,4845,4799,4763,4815,4748,4817,4804,4877,4782,4748,4846,4807,4780,4796,4841,4795,4795,4782,4798,4826,4776,4868,4813,4797,4839,4804,4817,4843,4791,4810,4842,4794,4811,4850,4817,4833,4892,4816,4876,4902,4861,4792,4898,4780,4756,4826,4845,4762,4806,4817,4858,4802,4797,4797,4810,4721,4814,4843,4820,4825,4774,4823,4737,4824,4732,4803,4801,4791,4776,4807,4795,4813,4717,4766,4712,4807,4740,4754,4763,4764,4750,4757,4765,4749,4706,4727,4721,4751,4700,4737,4719,4661,4703,4656,4736,4695,4712,4642,4665,4654,4642,4692,4651,4681,4694,4709,4633,4650,4654,4672,4636,4688,4667,4647,4626,4622,4660,4645,4657,4634,4640,4677,4659,4550,4608,4613,4567,4628,4679,4609,4600,4663,4601,4630,4655,4707,4648,4688,4652,4677,4637,4606,4620,4646,4621,4639,4607,4667,4641,4601,4640,4616,4601,4643,4615,4664,4671,4627,4628,4599,4619,4644,4668,4629,4625,4587,4693,4653,4609,4543,4649,4651,4620,4632,4659,4597,4583,4656,4616,4588,4611,4612,4635,4642,4652,4546,4638,4634,4685,4659,4603,4636,4611,4650,4704,4673,4663,4652,4665,4661,4622,4730,4691,4729,4699,4727,4755,4685,4684,4683,4630,4726,4713,4726,4678,4749,4682,4710,4738,4669,4739,4682,4725,4698,4669,4683,4681,4653,4681,4673,4733,4728,4719,4703,4647,4667,4668,4708,4718,4664,4683,4705,4662,4687,4654,4641,4623,4657,4720,4665,4626,4587,4604,4609,4556,4553,4588,4554,4551,4588,4625,4579,4586,4623,4560,4559,4582,4588,4514,4544,4547,4554,4515,4573,4515,4492,4513,4560,4499,4435,4501,4535,4471,4475,4438,4426,4450,4503,4471,4405,4468,4500,4444,4424,4407,4388,4436,4427,4445,4389,4414,4456,4455,4442,4419,4376,4387,4377,4398,4418,4418,4373,4345,4348,4298,4367,4364,4389,4375,4338,4350,4337,4295,4335,4360,4354,4299,4343,4326,4318,4370,4319,4308,4336,4339,4306,4352,4287,4276,4298,4259,4310,4295,4221,4294,4245,4269,4289,4195,4240,4194,4261,4221,4235,4213,4248,4288,4240,4180,4196,4143,4251,4213,4175,4248,4172,4225,4175,4213,4205,4152,4166,4224,4175,4202,4182,4176,4144,4180,4240,4198,4222,4204,4189,4143,4141,4171,4152,4190,4207,4136,4160,4170,4139,4160,4154,4200,4133,4178,4141,4148,4192,4173,4179,4197,4165,4131,4164,4140,4172,4152,4140,4166,4178,4127,4150,4148,4158,4140,4152,4106,4139,4185,4126,4147,4166,4190,4130,4167,4163,4167,4106,4183,4134,4189,4162,4155,4173,4142,4136,4118,4171,4124,4100,4121,4161,4108,4080,4106,4104,4143,4130,4131,4127,4106,4103,4091,4088,4123,4108,4064,4075,4114,4098,4082,4088,4108,4093,4069,4088,4039,3996,4025,4027,4056,4052,3950,4041,4022,4071,4049,4053,4067,4038,4060,4036,4009,4028,4059,4047,3988,4051,3986,4044,4003,3959,3989,4015,3966,4013,4009,3988,3969,3989,3999,3982,4003,3983,3952,3957,3991,4003,3994,3925,3991,4000,3971,3971,4019,3996,4007,4008,3978,3987,3988,3942,3977,3939,3914,3945,3907,3967,3913,3970,3993,3911,3980,4029,3976,3970,3939,3939,3991,3990,3985,3946,3943,3940,3994,3966,3928,3913,3926,3950,3882,3937,3952,3934,3933,3882,3903,3907,3923,3888,3918,3908,3973,3891,3931,3919,3881,3939,3905,3955,3905,3943,3919,3883,3902,3946,3890,3921,3981,3966,3883,3906,3850,3927,3879,3928,3856,3890,3842,3847,3892,3863,3868,3897,3835,3852,3857,3924,3881,3913,3894,3882,3855,3873,3849,3917,3856,3866,3867,3801,3869,3893,3806,3801,3850,3826,3853,3840,3799,3839,3885,3827,3779,3858,3797,3779,3845,3797,3811,3843,3804,3825,3783,3782,3815,3797,3785,3807,3844,3744,3759,3823,3781,3783,3771,3767,3794,3760,3755,3792,3766,3777,3810,3800,3760,3800,3780,3818,3764,3752,3748,3791,3722,3794,3786,3733,3734,3765,3744,3709,3717,3735,3721,3754,3726,3707,3720,3661,3738,3734,3704,3671,3758,3687,3692,3742,3662,3629,3680,3672,3676,3687,3653,3640,3692,3689,3663,3751,3663,3677,3635,3649,3630,3703,3633,3660,3648,3647,3667,3665,3699,3633,3605,3638,3577,3599,3618,3563,3544,3619,3608,3614,3620,3593,3624,3594,3621,3572,3600,3537,3577,3625,3571,3600,3530,3625,3591,3583,3621,3582,3579,3558,3536,3609,3517,3545,3552,3558,3533,3511,3583,3533,3533,3522,3522,3536,3513,3537,3529,3538,3519,3518,3550,3502,3500,3518,3475,3522,3510,3517,3507,3479,3478,3487,3454,3501,3472,3479,3434,3511,3474,3464,3451,3478,3465,3504,3469,3456,3497,3448,3475,3471,3458,3448,3437,3520,3460,3448,3464,3406,3422,3463,3478,3421,3451,3394,3460,3404,3436,3432,3396,3420,3389,3418,3395,3394,3380,3371,3383,3370,3383,3382,3410,3422,3399,3346,3366,3435,3404,3425,3400,3427,3432,3359,3397,3392,3413,3391,3419,3391,3386,3372,3400,3325,3339,3333,3353,3338,3372,3365,3385,3337,3372,3335,3336,3352,3389,3403,3345,3359,3358,3363,3343,3326,3330,3346,3313,3355,3327,3356,3363,3310,3361,3329,3336,3321,3358,3343,3330,3289,3309,3312,3312,3299,3281,3293,3332,3298,3272,3268,3299,3289,3272,3304,3287,3285,3285,3294,3287,3298,3311,3275,3251,3272,3303,3269,3309,3307,3286,3277,3286,3255,3320,3284,3303,3301,3270,3270,3270,3291,3274,3250,3261,3223,3240,3233,3225,3273,3206,3215,3269,3250,3247,3242,3228,3266,3216,3251,3257,3270,3265,3223,3230,3244,3228,3234,3225,3225,3214,3211,3212,3216,3234,3210,3195,3209,3204,3204,3231,3179,3189,3162,3130,3152,3178,3229,3166,3190,3202,3202,3180,3182,3196,3184,3166,3218,3157,3212,3208,3215,3211,3212,3167,3204,3211,3175,3240,3215,3198,3180,3203,3219,3181,3172,3194,3129,3180,3218,3182,3196,3144,3173,3153,3149,3180,3188,3186,3143,3178,3151,3090,3150,3157,3109,3107,3144,3138,3171,3130,3124,3136,3129,3131,3152,3154,3149,3109,3111,3143,3132,3163,3147,3170,3129,3150,3133,3180,3115,3161,3105,3155,3187,3146,3067,3091,3128,3079,3123,3062,3109,3112,3058,3091,3130,3103,3067,3052,3040,3062,3058,3066,3051,3091,3052,3055,3102,3111,3092,3088,3065,3062,3071,3041,3081,3086,3055,3068,3066,3105,3033,3091,3057,3082,3058,3072,3064,3068,3038,3024,3022,3043,3054,3053,3020,3063,3050,3047,3043,3017,3037,3000,3009,3024,2996,3003,3010,3022,3015,3050,2995,3008,3058,3009,3032,3074,3051,3034,3013,3043,3038,3024,3007,3017,3070,3016,3011,3017,3003,2991,3022,3001,3027,3018,3012,3045,3018,3025,3018,2966,3028,3002,2969,3020,3003,3001,3023,3030,2999,2970,3037,2987,2987,3001,2996,3013,2999,3009,2994,3032,3000,3018,2995,3040,2963,2996,3046,2991,2998,3024,3018,3054,3001,3022,3020,2993,2975,3030,3007,3038,3024,3025,2996,3020,3031,2988,3017,2998,2983,3008,2993,2987,2987,2970,2982,3005,2949,2956,2990,2965,2950,3012,2994,2979,3011,2973,2953,2963,2934,2991,2984,2978,2973,2926,2971,2929,2958,2987,2946,3005,3001,3005,2967,2985,2945,2975,3007,3022,2977,3037,2971,2970,2944,2956,2964,2978,2946,2972,2951,2913,2955,2967,2992,2929,2953,2938,2927,2934,2942,2954,2926,2890,2946,2919,2944,2906,2916,2920,2888,2915,2920,2943,2858
4411,4437,4495,4434,4503,4513,4468,4470,4475,4501,4441,4454,4448,4451,4413,4486,4413,4442,4375,4397,4482,4411,4419,4415,4408,4442,4422,4348,4443,4411,4435,4394,4325,4379,4393,4454,4377,4378,4382,4408,4371,4353,4377,4350,4391,4369,4393,4384,4352,4409,4364,4344,4377,4287,4409,4390,4347,4360,4369,4406,4374,4337,4339,4309,4391,4341,4322,4348,4360,4328,4350,4321,4346,4270,4322,4331,4281,4277,4287,4308,4309,4300,4299,4274,4273,4231,4267,4286,4293,4233,4286,4261,4188,4298,4276,4267,4264,4235,4239,4269,4211,4244,4200,4221,4226,4244,4228,4203,4180,4200,4201,4258,4212,4240,4230,4242,4205,4179,4187,4185,4198,4242,4195,4186,4191,4190,4141,4219,4147,4160,4151,4189,4154,4167,4102,4104,4142,4115,4098,4175,4165,4050,4129,4118,4078,4112,4094,4161,4105,4088,4094,4035,4125,4077,4131,4065,4135,4081,4048,4087,4053,4090,4099,4089,4174,4059,4066,4106,4056,4032,4079,4021,4083,4032,4027,4073,4043,4038,4037,4004,4030,4007,4105,3973,4008,4062,3955,4047,3963,3981,3995,4014,3963,3988,3986,3998,4029,3986,3958,4000,3928,4002,4017,3998,4004,3951,4010,3990,3967,3953,3977,3969,3939,3958,3932,3938,3902,3919,3904,3911,3932,3944,3938,3897,3944,3948,3948,3918,3915,3958,3867,3959,3922,3940,3965,3907,3908,3941,3869,3909,3845,3907,3849,3890,3883,3901,3841,3850,3850,3846,3870,3843,3838,3861,3822,3849,3824,3851,3817,3766,3856,3816,3838,3811,3778,3808,3809,3782,3864,3794,3762,3791,3830,3768,3765,3804,3781,3759,3788,3805,3797,3768,3791,3757,3757,3793,3717,3724,3780,3721,3746,3721,3782,3764,3741,3753,3773,3702,3722,3757,3785,3763,3721,3745,3692,3710,3713,3691,3685,3699,3733,3691,3722,3706,3677,3688,3727,3658,3688,3697,3690,3623,3690,3662,3657,3675,3644,3646,3608,3651,3616,3660,3610,3616,3663,3631,3668,3575,3633,3622,3578,3565,3608,3571,3560,3603,3618,3582,3584,3573,3541,3615,3579,3578,3568,3581,3592,3584,3590,3534,3544,3576,3551,3557,3530,3608,3579,3556,3597,3571,3531,3527,3516,3500,3523,3520,3540,3560,3566,3554,3542,3510,3518,3461,3494,3535,3490,3523,3493,3491,3528,3497,3480,3467,3479,3493,3474,3461,3447,3479,3437,3448,3472,3431,3506,3470,3455,3486,3437,3461,3463,3443,3440,3474,3442,3492,3481,3461,3439,3479,3459,3406,3416,3429,3438,3461,3455,3428,3420,3405,3480,3465,3472,3430,3409,3455,3450,3422,3399,3439,3406,3386,3416,3440,3387,3419,3402,3410,3408,3384,3434,3418,3361,3377,3367,3377,3384,3389,3391,3360,3353,3388,3352,3379,3406,3384,3355,3365,3381,3364,3367,3407,3363,3347,3373,3408,3358,3348,3341,3362,3370,3331,3358,3384,3336,3327,3370,3324,3325,3311,3335,3315,3343,3327,3345,3315,3298,3350,3311,3309,3285,3316,3296,3310,3311,3331,3256,3275,3260,3274,3281,3313,3275,3289,3237,3248,3271,3224,3259,3186,3243,3218,3238,3238,3240,3236,3221,3221,3213,3218,3198,3244,3214,3205,3194,3167,3253,3227,3203,3222,3210,3182,3163,3152,3144,3175,3171,3158,3162,3169,3202,3184,3145,3130,3136,3099,3157,3137,3130,3115,3130,3133,3150,3127,3130,3173,3157,3160,3090,3102,3138,3142,3087,3085,3105,3083,3105,3080,3118,3077,3086,3067,3098,3064,3102,3074,3075,3118,3049,3074,3120,3107,3057,3094,3051,3054,3065,3022,3008,3045,3052,3057,3044,3041,3067,3032,3044,3031,3078,3041,3038,3067,3068,3038,3047,3006,3009,3011,2980,3042,3006,3047,3015,3020,3023,3040,3025,3014,3013,2975,2989,2968,2992,3063,3003,2998,3011,3033,3010,2999,2977,3014,2967,3012,2982,2997,2969,2976,2978,2996,2999,2979,2958,2927,2931,2946,2983,2966,2967,2962,2947,2957,2973,2936,2922,2919,2966,2981,2907,2927,2943,2965,2927,2964,2962,2944,2891,2946,2903,2933,2916,2907,2937,2909,2955,2934,2939,2882,2943,2911,2911,2888,2884,2912,2877,2885,2908,2895,2880,2879,2841,2879,2919,2935,2846,2884,2872,2857,2893,2869,2854,2904,2893,2856,2911,2873,2883,2866,2856,2829,2880,2874,2879,2844,2831,2865,2859,2858,2863,2863,2845,2855,2870,2832,2877,2845,2864,2847,2861,2858,2852,2865,2895,2858,2815,2825,2831,2856,2809,2816,2855,2834,2804,2823,2803,2822,2836,2866,2800,2788,2813,2786,2776,2801,2837,2844,2798,2810,2810,2785,2793,2781,2810,2827,2806,2812,2789,2801,2795,2818,2799,2788,2806,2786,2784,2789,2767,2761,2834,2778,2726,2740,2797,2803,2771,2808,2749,2747,2764,2733,2735,2737,2740,2713,2721,2760,2766,2742,2732,2723,2763,2759,2714,2743,2732,2740,2758,2724,2750,2734,2708,2757,2712,2742,2725,2709,2718,2712,2705,2724,2709,2691,2709,2702,2710,2724,2698,2682,2704,2722,2739,2724,2700,2670,2740,2735,2734,2696,2693,2684,2717,2704,2700,2691,2691,2701,2676,2680,2706,2691,2690,2695,2705,2634,2678,2642,2692,2694,2680,2656,2657,2667,2651,2719,2672,2630,2656,2659,2618,2627,2656,2651,2598,2636,2637,2618,2630,2626,2626,2617,2648,2611,2618,2663,2612,2680,2605,2654,2614,2615,2641,2632,2622,2611,2611,2626,2583,2638,2587,2606,2609,2610,2614,2584,2611,2599,2587,2595,2584,2589,2592,2608,2609,2613,2592,2599,2580,2581,2592,2570,2587,2584,2591,2587,2549,2577,2565,2557,2589,2579,2603,2559,2601,2581,2597,2606,2534,2608,2566,2592,2545,2537,2559,2554,2571,2564,2550,2546,2521,2556,2548,2553,2543,2530,2584,2508,2575,2522,2557,2548,2517,2526,2588,2549,2555,2533,2545,2550,2554,2547,2534,2524,2525,2563,2538,2531,2530,2552,2530,2545,2531,2554,2489,2528,2553,2547,2537,2534,2521,2485,2522,2490,2485,2535,2501,2496,2490,2503,2491,2476,2499,2472,2484,2479,2479,2511,2475,2498,2466,2530,2495,2463,2503,2459,2503,2494,2452,2467,2466,2487,2493,2468,2442,2470,2455,2424,2447,2442,2450,2466,2442,2467,2455,2458,2428,2450,2471,2455,2420,2428,2443,2439,2444,2419,2423,2429,2457,2455,2420,2428,2414,2412,2422,2426,2425,2460,2431,2435,2443,2421,2396,2429,2434,2427,2394,2416,2406,2423,2413,2410,2407,2395,2383,2392,2427,2384,2373,2377,2408,2399,2408,2390,2386,2396,2370,2364,2369,2384,2325,2375,2362,2377,2364,2380,2371,2370,2356,2378,2343,2361,2345,2373,2352,2383,2347,2340,2348,2384,2348,2346,2335,2331,2385,2362,2338,2351,2342,2331,2340,2325,2318,2347,2353,2323,2331,2342,2352,2358,2326,2316,2341,2358,2279,2320,2294,2343,2329,2323,2289,2303,2338,2300,2320,2308,2302,2322,2292,2303,2295,2300,2294,2319,2321,2299,2305,2304,2285,2305,2303,2290,2313,2294,2323,2305,2280,2275,2289,2260,2306,2254,2273,2275,2274,2258,2311,2283,2263,2263,2280,2286,2294,2262,2265,2256,2267,2238,2270,2285,2263,2262,2256,2251,2247,2235,2230,2273,2255,2239,2248,2266,2241,2260,2252,2241,2256,2248,2237,2238,2257,2242,2262,2248,2256,2251,2219,2240,2252,2259,2243,2243,2230,2232,2222,2226,2228,2229,2201,2206,2194,2218,2205,2247,2235,2195,2213,2231,2210,2237,2203,2206,2221,2226,2204,2240,2218,2205,2199,2212,2213,2191,2193,2203,2194,2222,2186,2191,2181,2218,2218,2197,2179,2198,2215,2204,2192,2192,2200,2195,2194,2204,2183,2202,2203,2193,2185,2197,2185,2159,2191,2186,2162,2187,2185,2164,2185,2173,2181,2202,2168,2191,2214,2175,2170,2205,2183,2199,2155,2165,2180,2170,2159,2156,2158,2168,2181,2188,2157,2143,2161,2173,2158,2141,2169,2177,2146,2152,2151,2142,2197,2163,2146,2158,2173,2181,2152,2154,2151,2191,2139,2133,2151,2173,2145,2122,2147,2144,2139,2159,2134,2146,2144,2132,2144,2142,2110,2138,2126,2111,2118,2105,2130,2146,2130,2127,2113,2136,2117,2128,2102,2119,2119,2119,2131,2113,2136,2128,2131,2127,2129,2133,2121,2115,2128,2114,2093,2097,2099,2099,2112,2114,2115,2106,2089,2137,2112,2105,2114,2115,2119,2129,2115,2108,2128,2092,2113,2117,2122,2123,2115,2092,2101,2107,2094,2097,2106,2098,2094,2089,2101,2092,2055,2098,2077,2078,2090,2084,2074,2086,2103,2104,2078,2086,2096,2070,2077,2100,2072,2102,2099,2096,2088,2070,2101,2099,2087,2086,2056,2068,2074,2063,2081,2069,2062,2065,2080,2084,2060,2064,2075,2091,2099,2076,2081,2072,2087,2090,2106,2065,2049,2084,2084,2082,2064,2083,2065,2055,2048,2069,2074,2077,2056,2037,2055,2064,2039,2051,2046,2055,2066,2085,2058,2049,2060,2046,2060,2081,2077,2063,2023,2038,2047,2051,2029,2041,2055,2071,2041,2044,2030,2039,2013,2035,2049,2049,2040,2038,2015,2041,2008,2043,2040,2026,2025,2035,2049,2040,2055,2020,2041,2034,2031,2039,2025,2020,2049,2029,2026,2026,2027,2008,2031,2047,2012,2015,2045,2013,2025,2020,2014,1999,2006,2013,2024,2023,2014,2012,2029,2027,2002,2006,2010,1995,2000,2026,2002,2034,2010,2008,2003,2016,2017,2039,2015,2032,2036,2010,1999,2003,1977,2023,2016,2007,1971,1993,2028,2006,2001,1994,1987,1984,1999,1997,1976,1991,1980,2005,2008,2003,2023,2008,1989,1987,2007,1974,1992,2009,1989,2005,2008,1979,2005,1990,2000,1966,1991,1989,1998,1972,1965,1982,1980,1982,1983,1986,1985,1981,1967,1980,1986,1983,1953,1987,1997,1993,1978,1983,1975,1968,2006,1948,1974,1970,1968,1971,1974,1983,1974,1982,1961,1961,1971,1975,1980,1971,1950,1963,1975,1938,1997,1982,1962,1971,1938,1944,1982,1961,1969,1938,1949,1952,1940,1961,1947,1947,1971,1961,1954,1971,1946,1950,1971,1935,1969,1966,1957,1960,1950,1951,1973,1969,1961,1966,1976,1964,1983,1967,1966,1950,1963,1963,1939,1964,1934,1962,1957,1944,1953,1950,1942,1925,1959,1938,1952,1931,1944,1943,1933,1963,1936,1947,1942,1947,1950,1960,1941,1943,1937,1955,1937,1938,1936,1944,1942,1945,1950,1934,1940,1929,1957,1931,1951,1946,1951,1926,1908,1931,1921,1923,1920,1915,1920,1941,1933,1907,1932,1931,1938,1938,1919,1933,1913,1944,1924,1941,1931,1950,1937,1950,1944,1946,1933,1933,1917,1938,1912,1923,1927,1922,1937,1934,1915,1929,1911,1937,1910,1912,1939,1919,1925,1924,1908,1914,1905,1907,1909,1904,1897,1902,1901,1893,1909,1904,1921,1906,1909,1893,1919,1920,1942,1917,1925,1927,1904,1900,1915,1893,1901,1901,1899,1909,1902,1892,1898,1915,1896,1898,1895,1923,1911,1900,1916,1882,1895,1903,1894,1918,1891,1887,1896,1882,1885,1906,1891,1885,1893,1907,1902,1905,1884,1919,1912,1901,1889,1923,1899,1906,1898,1915,1893,1920,1892,1913,1898,1894,1894,1903,1901,1902,1913,1904,1905,1900,1904,1896,1885,1906,1901,1905,1905,1881,1917,1907,1892,1911,1899,1911,1895,1906,1905,1893,1890,1892,1902,1895,1888,1896,1901,1896,1902,1906,1908,1886,1910,1906,1902,1910,1906,1899,1915,1892,1917,1894,1901,1891,1905,1905,1893,1900,1923,1917,1905,1897,1894,1895,1925,1913,1894,1874,1927,1896,1891,1893,1911,1881,1908,1910,1884,1903,1897,1895,1903,1911,1906,1892,1897,1887,1900,1895,1888,1906,1884,1901,1892,1898,1898,1900,1884,1903,1891,1901,1902,1905,1912,1899,1889,1895,1893,1896,1896,1889,1880,1906,1898,1902,1891,1904,1886,1891,1885,1886,1895,1898,1885,1900,1884,1883,1895,1891,1878,1874,1901,1886,1894,1879,1862,1899,1880,1877,1904,1885
13018,12632,12640,12227,12055,11989,11917,11732,11758,11627,11322,11341,11004,10902,10737,10624,10554,10458,10276,10139,10108,10087,10022,10048,9957,9907,9950,9886,9722,9749,9610,9564,9619,9513,9363,9307,9254,9184,9132,9125,9123,9125,9123,9113,9085,9059,9013,9081,8987,9099,9166,9161,9127,9033,9121,9158,9049,8935,8934,8903,8926,8934,8969,8997,8967,8947,8961,8864,9007,8897,8914,8898,8777,8860,8771,8884,8836,8693,8701,8758,8720,8703,8713,8725,8787,8797,8856,8807,8796,8723,8695,8699,8678,8743,8739,8711,8748,8693,8733,8731,8765,8720,8709,8700,8776,8706,8710,8815,8729,8840,8807,8878,8823,8777,8899,8912,8842,8824,8826,8865,8870,8811,8780,8842,8806,8775,8826,8891,8768,8823,8800,8783,8824,8782,8815,8716,8793,8674,8846,8726,8718,8759,8781,8864,8801,8801,8868,8833,8760,8923,8842,8843,8910,8780,8928,8876,8928,9005,8970,8919,8904,8908,8967,8948,8905,8964,9060,9051,8916,9028,8980,9068,8991,8997,9000,8967,9063,9003,8998,9023,9035,9039,9032,8987,8982,8947,9025,8921,9052,9041,8929,9052,8969,8970,9027,9019,9064,9072,9057,9015,8981,8959,8960,9033,9043,9039,9061,9061,8947,8984,8986,8917,9053,8894,9032,9004,8957,8952,8957,8860,8945,8893,8812,8988,8937,8928,8881,8798,8873,8833,8747,8764,8712,8663,8759,8584,8621,8717,8653,8548,8559,8611,8585,8499,8528,8538,8537,8357,8521,8526,8539,8523,8399,8527,8485,8531,8626,8526,8527,8492,8420,8320,8261,8280,8187,8090,8014,8032,7841,7717,7694,7608,7472,7457,7419,7402,7285,7186,7133,7049,6994,6924,6895,6852,6769,6743,6736,6632,6709,6552,6534,6589,6573,6431,6459,6432,6378,6451,6444,6366,6276,6370,6326,6292,6252,6249,6299,6269,6261,6193,6229,6243,6193,6207,6109,6108,6141,6217,6209,6103,6062,6175,6075,6099,6153,6028,6080,6048,6085,6023,6098,6095,6031,6037,6029,6146,6088,6015,6015,5957,6063,6032,5985,6013,6090,6062,6025,6051,6027,6083,6090,6071,6064,6147,6069,6103,6157,6127,6031,6142,6082,6108,6046,5980,6024,5996,5943,6015,6025,5981,6024,5989,5960,5911,5891,5890,5934,5796,5854,5817,5789,5836,5777,5763,5780,5745,5746,5763,5731,5716,5707,5647,5728,5734,5643,5626,5724,5634,5678,5659,5756,5603,5643,5674,5663,5632,5615,5660,5636,5618,5635,5636,5581,5595,5634,5619,5529,5695,5588,5573,5596,5521,5575,5547,5565,5532,5601,5547,5597,5572,5548,5549,5559,5569,5570,5555,5517,5489,5533,5453,5549,5491,5560,5584,5506,5529,5467,5508,5533,5443,5473,5519,5411,5426,5514,5468,5512,5592,5585,5500,5483,5463,5493,5511,5529,5429,5372,5450,5465,5469,5472,5431,5484,5515,5387,5465,5425,5421,5375,5368,5413,5409,5401,5522,5413,5435,5479,5440,5427,5421,5356,5401,5408,5423,5453,5449,5393,5435,5417,5439,5435,5411,5425,5444,5418,5470,5479,5439,5478,5511,5488,5527,5523,5593,5565,5515,5492,5533,5491,5585,5606,5563,5624,5697,5653,5546,5553,5557,5552,5643,5659,5571,5576,5538,5626,5577,5540,5530,5548,5573,5533,5588,5500,5516,5500,5479,5569,5467,5499,5470,5424,5484,5535,5504,5428,5420,5455,5394,5407,5446,5413,5424,5376,5407,5421,5424,5362,5367,5400,5396,5357,5321,5353,5239,5242,5271,5279,5258,5266,5364,5227,5254,5197,5163,5265,5218,5200,5129,5183,5181,5193,5111,5139,5078,5117,5111,5095,5038,5069,5045,5061,5051,5056,5047,5037,5006,4988,4996,5006,4992,4999,5004,5039,5019,5047,4991,4981,5041,5003,4975,4945,4967,4973,4933,4970,5065,4985,4934,4987,5010,4942,4960,4969,4966,5009,4912,4997,4952,4937,4968,4931,4963,4912,4912,4949,4948,4936,4897,4913,4907,4896,4835,4866,4878,4877,4865,4849,4881,4829,4861,4860,4805,4800,4829,4865,4853,4809,4820,4826,4855,4854,4828,4804,4824,4786,4794,4791,4834,4841,4779,4792,4747,4705,4811,4794,4816,4825,4737,4749,4771,4760,4795,4764,4724,4732,4679,4718,4796,4764,4827,4786,4731,4711,4760,4684,4693,4711,4725,4746,4715,4677,4727,4749,4696,4652,4707,4675,4713,4679,4708,4728,4702,4712,4691,4723,4744,4711,4719,4739,4641,4709,4720,4664,4663,4728,4720,4714,4724,4665,4692,4711,4683,4737,4655,4698,4678,4681,4785,4678,4745,4687,4726,4760,4704,4728,4708,4710,4691,4663,4707,4743,4722,4701,4739,4755,4735,4738,4663,4766,4688,4712,4745,4730,4669,4691,4731,4699,4739,4688,4741,4786,4756,4722,4650,4732,4704,4694,4714,4686,4747,4659,4670,4654,4682,4708,4651,4648,4681,4643,4612,4679,4699,4634,4665,4651,4646,4674,4622,4599,4637,4635,4599,4594,4632,4657,4644,4642,4621,4642,4558,4639,4540,4627,4643,4599,4554,4609,4600,4609,4593,4591,4581,4608,4610,4575,4512,4546,4602,4547,4666,4602,4541,4577,4599,4590,4565,4518,4602,4599,4533,4601,4559,4517,4572,4587,4568,4555,4491,4538,4553,4498,4585,4501,4540,4522,4524,4523,4602,4518,4471,4556,4515,4521,4562,4498,4556,4510,4536,4472,4539,4490,4536,4509,4522,4449,4470,4528,4523,4565,4522,4497,4544,4478,4539,4513,4531,4518,4519,4524,4539,4485,4496,4559,4467,4531,4544,4535,4541,4539,4556,4515,4538,4586,4496,4501,4527,4527,4493,4536,4567,4477,4558,4588,4618,4523,4567,4578,4623,4623,4623,4547,4651,4570,4595,4593,4603,4544,4624,4570,4576,4566,4574,4614,4572,4561,4665,4635,4660,4587,4607,4607,4593,4634,4628,4547,4572,4593,4616,4591,4562,4603,4601,4603,4596,4636,4599,4617,4624,4573,4613,4610,4576,4604,4523,4592,4605,4539,4547,4535,4587,4584,4492,4559,4526,4571,4598,4576,4572,4575,4501,4533,4553,4561,4535,4507,4527,4524,4505,4474,4434,4459,4483,4446,4469,4448,4518,4404,4382,4414,4445,4432,4429,4377,4399,4409,4457,4405,4422,4395,4394,4377,4392,4438,4437,4373,4370,4414,4327,4321,4383,4376,4351,4337,4354,4320,4299,4383,4337,4290,4377,4347,4265,4303,4326,4288,4285,4287,4272,4271,4339,4298,4279,4278,4279,4242,4263,4215,4300,4261,4215,4303,4219,4289,4274,4271,4220,4282,4205,4329,4201,4299,4260,4208,4226,4208,4238,4213,4247,4246,4183,4191,4219,4227,4192,4161,4156,4117,4192,4218,4199,4137,4169,4130,4132,4160,4120,4108,4124,4112,4089,4118,4143,4113,4181,4121,4199,4091,4192,4199,4153,4154,4140,4156,4114,4109,4099,4135,4090,4121,4095,4110,4087,4121,4118,4102,4080,4069,4096,4124,4111,4112,4077,4049,4079,4111,4136,4046,4097,4089,4068,4141,4045,4058,4084,4102,4110,4051,4071,4083,4067,4089,4058,4083,4106,4084,4106,4107,4093,4057,4086,4074,4052,4099,4102,4108,4072,4061,4103,4088,4100,4072,4068,4044,4090,4045,4114,4072,4059,4108,4105,4103,4060,4067,4083,4064,4123,4041,4056,4094,4026,4054,4097,4005,4081,4070,3991,4003,4016,3998,4037,4031,3978,4047,4035,4015,4043,4007,3979,3992,3937,3915,3957,3994,4041,4015,3973,4032,3926,3993,3964,3968,3976,3943,3969,3987,3956,3948,3904,3926,3937,3939,3980,3941,3946,3915,3933,3907,3896,3955,3885,3951,3929,3936,3963,3928,3966,3971,3913,3905,3883,3937,3920,3974,3973,3931,3971,3930,3950,3910,3917,3914,3891,3887,3954,3917,3937,3934,3867,3882,3915,3894,3951,3877,3825,3898,3958,3878,3904,3883,3906,3887,3849,3874,3902,3937,3894,3889,3885,3944,3886,3900,3914,3870,3908,3891,3831,3867,3872,3887,3840,3881,3862,3893,3834,3882,3907,3874,3892,3836,3912,3891,3843,3868,3846,3841,3881,3836,3833,3785,3872,3846,3845,3837,3860,3797,3833,3856,3794,3810,3852,3813,3789,3811,3861,3836,3821,3808,3796,3795,3829,3865,3855,3807,3810,3800,3837,3802,3807,3770,3789,3812,3767,3819,3788,3733,3773,3796,3792,3795,3785,3755,3759,3758,3757,3722,3768,3746,3745,3773,3789,3764,3756,3726,3771,3755,3695,3796,3734,3729,3749,3726,3699,3744,3769,3709,3710,3707,3659,3677,3695,3719,3698,3657,3761,3721,3698,3735,3756,3729,3731,3647,3751,3704,3737,3712,3700,3733,3709,3657,3724,3637,3681,3672,3692,3696,3624,3681,3629,3692,3658,3646,3656,3639,3665,3632,3640,3657,3647,3637,3589,3627,3599,3642,3643,3623,3671,3635,3625,3616,3644,3643,3602,3649,3567,3610,3564,3578,3555,3563,3581,3530,3555,3561,3601,3574,3581,3588,3571,3566,3546,3575,3568,3539,3579,3546,3502,3528,3534,3566,3556,3507,3481,3583,3561,3517,3558,3565,3503,3581,3565,3559,3489,3538,3508,3494,3523,3478,3473,3509,3484,3548,3465,3481,3484,3451,3526,3467,3494,3502,3548,3506,3490,3467,3509,3492,3490,3485,3446,3487,3438,3436,3445,3433,3423,3416,3444,3451,3467,3403,3448,3417,3444,3399,3445,3382,3419,3446,3351,3427,3386,3433,3474,3391,3400,3453,3434,3440,3441,3407,3417,3399,3424,3418,3422,3375,3410,3363,3405,3415,3381,3376,3408,3364,3383,3408,3343,3384,3369,3372,3361,3370,3360,3347,3349,3309,3312,3380,3426,3337,3414,3392,3360,3422,3360,3299,3347,3337,3412,3365,3346,3336,3324,3359,3367,3312,3348,3302,3346,3333,3323,3303,3331,3324,3337,3341,3320,3307,3326,3288,3334,3298,3289,3306,3296,3314,3308,3324,3291,3285,3275,3350,3334,3253,3276,3297,3278,3223,3303,3257,3225,3291,3279,3256,3267,3240,3250,3235,3251,3240,3261,3290,3218,3235,3255,3244,3243,3268,3251,3219,3283,3225,3247,3233,3263,3295,3262,3234,3265,3234,3243,3246,3260,3232,3233,3254,3241,3223,3191,3222,3272,3266,3214,3207,3210,3202,3230,3175,3186,3212,3228,3173,3198,3177,3186,3167,3211,3236,3211,3194,3207,3221,3238,3189,3197,3220,3227,3190,3179,3206,3200,3220,3164,3167,3219,3169,3161,3159,3161,3153,3203,3176,3206,3127,3188,3114,3141,3194,3172,3156,3171,3179,3163,3150,3146,3150,3182,3132,3155,3216,3172,3140,3172,3135,3163,3156,3150,3157,3127,3164,3177,3140,3133,3171,3133,3124,3121,3153,3123,3152,3141,3169,3137,3133,3161,3160,3095,3108,3143,3142,3141,3134,3140,3126,3138,3078,3141,3123,3134,3127,3153,3130,3151,3095,3099,3128,3113,3140,3132,3116,3072,3123,3091,3119,3125,3126,3172,3118,3109,3063,3113,3062,3106,3084,3122,3067,3096,3072,3111,3109,3079,3043,3054,3076,3077,3053,3050,3062,3094,3030,3024,3061,3110,3045,3059,3040,3060,3053,3046,3033,3042,3074,3043,3031,3084,3060,3039,3066,3044,3034,3022,3053,3040,3039,3074,2980,2985,3020,3023,3030,2974,3000,2977,3016,2999,2986,3067,2999,2993,3011,2995,2988,2991,2988,2993,3032,3017,2987,3034,3016,3039,3041,3042,3025,2992,3005,2991,2989,3044,2990,3039,2985,3035,3007,3013,2993,2985,3016,3003,2996,2992,3017,3010,2996,2951,2993,3018,2976,3010,2983,2997,2997,2992,2991,3019,2986,2969,2977,2960,2976,3011,2961,2924,2961,2965,2956,2967,2969,2977,2956,3007,2985,2988,3016,2993,2989,3013,2949,2991,2964,3001,2989,2974,3020,2995,2954,2953,3010,3006,2998,2995,2993,2976,2979,2966,2985,2974,2987,2988,2963,2960,2954,2945,2984,2957,2924,2986,2973,2943,2992,2944,2962,2963,2991,2963,2945,2945,2955,2995,2942,2953,2893,2959,2960,2933,2929,2982,2960,2977,2922,2955,2957,2952,3002,2977,2959,2936,2989,2941,2955,2959,2951,2991,2932,2931,2963,2962,2920,2962,2916,2924,2928,2888,2891,2905,2892,2947,2906,2927,2905,2924,2907,2858,2905,2883,2890,2919,2876,2881,2939,2923
4330,4289,4358,4339,4347,4370,4340,4318,4314,4336,4307,4325,4315,4332,4314,4292,4306,4365,4325,4261,4351,4310,4373,4291,4322,4281,4281,4302,4286,4338,4327,4285,4262,4267,4257,4299,4270,4325,4294,4275,4253,4224,4287,4248,4251,4240,4230,4241,4324,4251,4302,4207,4325,4244,4285,4240,4258,4268,4271,4280,4262,4194,4192,4235,4233,4257,4202,4189,4178,4204,4236,4278,4242,4205,4222,4204,4235,4166,4179,4172,4181,4199,4155,4179,4219,4150,4177,4108,4166,4214,4108,4138,4144,4176,4164,4126,4053,4151,4174,4149,4115,4133,4136,4111,4128,4111,4134,4136,4148,4166,4074,4091,4105,4127,4097,4111,4122,4096,4109,4058,4058,4086,4087,4064,4077,4076,4087,4062,4017,4069,4022,3984,4063,4036,4072,4025,4011,4050,4029,4053,4049,4081,4034,4010,4006,4034,4049,3969,4025,3989,4044,4017,3962,4004,3983,3981,4009,3997,3995,4022,3954,3988,4036,3966,4036,3981,4033,4018,3950,4003,3986,3987,3967,3962,3938,3989,3911,3950,3941,3934,3928,3940,3923,3932,3966,3909,3989,3941,3887,3901,3869,3928,3876,3906,3890,3908,3931,3893,3856,3891,3877,3901,3909,3845,3863,3841,3912,3892,3910,3806,3856,3844,3826,3912,3854,3830,3897,3874,3867,3796,3873,3850,3840,3853,3849,3811,3863,3803,3815,3827,3813,3808,3786,3826,3804,3779,3762,3798,3797,3799,3803,3764,3823,3796,3784,3748,3769,3751,3774,3757,3759,3763,3759,3795,3734,3759,3736,3744,3734,3761,3734,3745,3735,3703,3744,3732,3771,3745,3677,3718,3725,3722,3685,3727,3673,3658,3690,3657,3762,3686,3703,3734,3715,3667,3701,3672,3667,3707,3654,3650,3657,3639,3632,3642,3667,3677,3638,3637,3637,3640,3620,3671,3632,3685,3635,3607,3613,3610,3592,3623,3651,3648,3649,3619,3626,3560,3586,3590,3647,3539,3570,3574,3531,3539,3548,3630,3583,3558,3586,3572,3565,3532,3548,3564,3532,3553,3522,3542,3486,3533,3540,3511,3543,3533,3527,3555,3529,3562,3551,3526,3517,3547,3510,3533,3516,3498,3537,3439,3444,3452,3454,3436,3505,3504,3482,3428,3506,3465,3508,3466,3498,3452,3494,3439,3442,3449,3449,3414,3464,3460,3436,3426,3438,3434,3463,3441,3448,3422,3447,3455,3405,3383,3404,3421,3439,3416,3433,3397,3450,3396,3430,3420,3408,3434,3362,3416,3380,3358,3369,3423,3402,3415,3423,3414,3419,3369,3367,3415,3389,3326,3390,3357,3343,3379,3408,3340,3344,3383,3382,3368,3377,3390,3364,3425,3343,3415,3390,3383,3381,3362,3386,3377,3381,3344,3357,3315,3335,3356,3340,3375,3340,3317,3366,3332,3337,3301,3325,3320,3303,3320,3354,3324,3297,3320,3342,3332,3293,3334,3309,3276,3330,3323,3326,3330,3269,3300,3310,3337,3289,3291,3278,3304,3248,3315,3264,3320,3305,3303,3303,3299,3286,3228,3248,3249,3258,3265,3276,3265,3287,3248,3254,3254,3253,3275,3223,3264,3298,3256,3221,3229,3265,3242,3203,3210,3231,3182,3199,3164,3223,3159,3186,3178,3219,3176,3181,3195,3171,3161,3158,3213,3179,3138,3148,3151,3146,3155,3124,3157,3139,3177,3129,3133,3143,3123,3101,3115,3167,3124,3115,3101,3074,3118,3120,3078,3109,3107,3107,3099,3119,3120,3102,3079,3046,3048,3089,3097,3100,3054,3060,3075,3035,3063,3065,3068,3037,3026,3034,3035,3054,3042,3040,3041,3009,3054,3050,3033,2982,3033,2996,3029,3044,3045,3053,2978,3034,2976,3018,2987,3007,3024,3014,3025,3007,2990,3011,2996,3012,3019,2974,3008,3020,2980,2987,2955,2964,2985,2944,2968,3031,2948,2975,3011,3047,2982,2976,2971,2966,2981,2998,2986,3001,2990,2981,2968,2962,3009,2949,2930,2967,2947,2923,2923,2932,2940,2929,2949,2940,2970,2945,2922,2917,2981,2935,2904,2924,2929,2955,2916,2912,2890,2908,2892,2866,2915,2924,2892,2906,2895,2889,2898,2931,2896,2836,2913,2913,2863,2918,2890,2851,2885,2878,2888,2880,2840,2854,2885,2864,2856,2844,2883,2854,2858,2849,2853,2838,2855,2852,2816,2889,2835,2861,2859,2856,2883,2874,2832,2851,2888,2814,2873,2862,2830,2797,2810,2825,2830,2836,2844,2840,2844,2864,2815,2828,2843,2829,2864,2809,2784,2832,2821,2824,2818,2843,2827,2838,2829,2823,2809,2791,2786,2784,2818,2805,2803,2833,2826,2831,2819,2801,2800,2776,2816,2812,2812,2788,2801,2789,2771,2787,2770,2762,2796,2791,2778,2775,2772,2738,2774,2793,2814,2749,2798,2793,2751,2744,2775,2749,2756,2782,2752,2788,2729,2734,2752,2698,2735,2767,2755,2695,2765,2763,2732,2765,2699,2709,2754,2731,2749,2691,2720,2724,2701,2708,2674,2715,2722,2735,2713,2681,2711,2702,2723,2733,2746,2715,2695,2755,2721,2701,2741,2694,2708,2744,2694,2690,2695,2692,2706,2705,2695,2685,2670,2699,2682,2726,2655,2674,2671,2712,2682,2688,2656,2696,2680,2700,2718,2674,2671,2682,2643,2677,2667,2683,2678,2646,2701,2640,2679,2677,2687,2663,2666,2632,2669,2657,2690,2642,2663,2641,2629,2609,2638,2626,2624,2654,2653,2624,2615,2629,2619,2632,2624,2582,2624,2632,2581,2594,2637,2603,2598,2592,2622,2613,2599,2595,2595,2579,2599,2598,2622,2598,2608,2585,2597,2610,2591,2599,2598,2602,2588,2605,2607,2563,2600,2599,2579,2569,2599,2533,2581,2577,2566,2572,2574,2548,2595,2559,2539,2578,2532,2569,2549,2567,2529,2575,2571,2557,2564,2529,2566,2523,2508,2599,2565,2523,2558,2561,2545,2561,2543,2553,2560,2557,2542,2545,2522,2559,2555,2536,2547,2550,2519,2539,2536,2543,2519,2522,2498,2530,2516,2525,2488,2533,2526,2522,2543,2507,2497,2520,2491,2494,2528,2517,2519,2503,2501,2528,2506,2500,2520,2502,2498,2481,2504,2467,2472,2479,2475,2484,2500,2512,2524,2466,2489,2470,2501,2464,2474,2494,2455,2486,2455,2480,2466,2491,2465,2470,2482,2504,2462,2453,2479,2468,2457,2426,2459,2447,2463,2445,2440,2459,2444,2438,2441,2456,2441,2457,2442,2431,2423,2470,2435,2416,2439,2441,2444,2432,2387,2399,2426,2428,2437,2424,2427,2425,2429,2434,2420,2412,2417,2437,2411,2411,2433,2389,2425,2444,2371,2386,2408,2365,2416,2443,2411,2395,2405,2389,2382,2383,2412,2360,2382,2380,2397,2398,2388,2375,2353,2391,2393,2382,2354,2377,2350,2371,2382,2349,2379,2368,2349,2354,2337,2356,2339,2343,2370,2336,2356,2334,2377,2355,2354,2367,2314,2359,2299,2351,2344,2322,2320,2323,2352,2337,2331,2326,2326,2330,2328,2320,2347,2311,2327,2315,2328,2306,2347,2299,2323,2330,2327,2329,2283,2305,2345,2286,2318,2293,2303,2308,2298,2296,2276,2282,2300,2285,2308,2275,2295,2274,2282,2299,2280,2275,2284,2258,2272,2279,2285,2290,2262,2283,2284,2272,2273,2281,2268,2294,2281,2269,2271,2250,2231,2242,2272,2239,2253,2244,2252,2283,2272,2295,2246,2275,2274,2261,2260,2274,2271,2251,2278,2252,2211,2238,2248,2222,2244,2238,2213,2234,2224,2221,2257,2270,2226,2208,2236,2232,2225,2219,2222,2223,2217,2207,2227,2219,2247,2239,2219,2192,2234,2215,2223,2222,2193,2218,2228,2205,2202,2220,2227,2191,2216,2204,2210,2205,2220,2193,2211,2206,2225,2196,2198,2191,2176,2189,2198,2236,2206,2208,2190,2186,2216,2195,2203,2178,2189,2194,2191,2184,2196,2162,2181,2171,2218,2175,2175,2177,2177,2160,2200,2179,2171,2176,2212,2180,2195,2184,2175,2182,2176,2152,2168,2161,2209,2170,2159,2180,2156,2148,2167,2198,2166,2163,2161,2160,2200,2167,2179,2151,2160,2163,2161,2142,2121,2146,2175,2141,2171,2156,2149,2154,2156,2134,2143,2138,2137,2151,2136,2137,2128,2150,2150,2117,2135,2129,2129,2143,2148,2124,2127,2119,2128,2156,2142,2118,2128,2133,2125,2134,2141,2127,2129,2117,2135,2117,2123,2107,2126,2120,2118,2113,2106,2117,2111,2115,2112,2123,2115,2105,2099,2087,2134,2102,2124,2109,2121,2125,2097,2128,2104,2096,2103,2097,2106,2108,2115,2072,2094,2108,2105,2134,2081,2093,2102,2104,2093,2123,2083,2114,2100,2102,2089,2100,2102,2120,2100,2097,2090,2065,2101,2077,2066,2089,2086,2068,2090,2074,2083,2083,2104,2068,2075,2077,2086,2100,2050,2093,2087,2060,2067,2114,2054,2080,2063,2043,2053,2107,2094,2091,2060,2092,2049,2075,2081,2082,2025,2061,2050,2068,2062,2093,2069,2060,2041,2080,2057,2061,2043,2042,2071,2063,2085,2082,2066,2060,2041,2074,2092,2066,2045,2071,2086,2078,2035,2049,2051,2045,2031,2065,2038,2045,2059,2060,2030,2035,2046,2044,2038,2040,2058,2046,2060,2053,2059,2043,2039,2040,2054,2052,2035,2046,2061,2040,2053,2041,2045,2012,2029,2043,2018,2029,2021,2053,2032,2046,2022,2024,2000,2034,2002,2029,2028,2046,2015,2040,2012,2029,2055,2035,2015,2017,2014,2013,2028,2011,2034,2025,2011,2010,2039,2035,2013,2027,2027,2034,1995,2004,2013,2003,2024,2015,1995,2005,2019,2013,2024,2003,2009,2029,2028,2002,2003,1990,2006,1997,2011,1991,2007,2012,2010,2003,2023,2012,1995,1999,2000,2000,2013,2016,2018,2004,1977,2000,1997,1995,2003,1974,2011,1997,2017,1978,1983,1980,1975,2011,2006,2007,1988,1995,1975,1982,1998,1985,2013,1993,1980,1973,1984,1989,2000,2005,1963,1998,1992,1976,1978,1975,1972,1987,1981,1972,1984,1967,1983,1963,1968,1968,1969,1971,1986,1985,1960,1959,1956,1981,1969,1980,1982,1975,1968,1968,1968,1977,1982,1964,1981,1988,1974,1958,1967,1943,1972,1960,1955,1962,1971,1948,1965,1975,1977,1954,1957,1951,1936,1952,1961,1946,1956,1963,1947,1968,1941,1958,1971,1963,1949,1935,1963,1939,1954,1957,1964,1973,1968,1989,1959,1952,1962,1979,1947,1970,1931,1931,1932,1953,1955,1936,1944,1927,1921,1959,1952,1942,1929,1935,1951,1955,1936,1934,1953,1969,1937,1919,1918,1952,1933,1931,1933,1935,1943,1933,1936,1944,1950,1933,1934,1944,1964,1947,1934,1942,1937,1940,1947,1925,1931,1932,1934,1931,1936,1908,1937,1943,1940,1924,1933,1924,1927,1941,1937,1927,1931,1919,1910,1925,1945,1953,1912,1937,1919,1929,1943,1907,1920,1929,1942,1933,1934,1916,1919,1924,1941,1903,1919,1911,1938,1915,1907,1923,1906,1935,1925,1898,1900,1907,1937,1908,1902,1919,1913,1927,1925,1910,1902,1893,1894,1910,1912,1905,1900,1900,1933,1907,1912,1900,1910,1915,1906,1919,1884,1909,1936,1918,1894,1903,1883,1914,1895,1897,1894,1883,1894,1874,1903,1885,1885,1877,1889,1900,1867,1893,1911,1911,1894,1899,1889,1901,1896,1879,1877,1876,1916,1912,1893,1875,1891,1893,1890,1898,1889,1892,1915,1910,1919,1883,1892,1890,1894,1914,1899,1881,1902,1918,1903,1904,1903,1891,1884,1911,1914,1904,1879,1903,1875,1905,1890,1898,1899,1906,1895,1891,1886,1888,1892,1890,1893,1886,1860,1892,1884,1911,1904,1892,1875,1898,1898,1896,1904,1908,1885,1902,1907,1887,1880,1910,1919,1903,1896,1882,1884,1908,1904,1923,1936,1897,1888,1889,1893,1900,1881,1894,1898,1889,1908,1902,1893,1895,1895,1881,1889,1879,1885,1895,1909,1911,1896,1864,1896,1882,1881,1895,1900,1882,1892,1887,1864,1881,1888,1896,1907,1916,1885,1888,1893,1888,1890,1892,1891,1888,1877,1901,1892,1909,1893,1904,1893,1896,1883,1888,1883,1882,1888,1902,1894,1899,1904,1884,1914,1900,1889,1879,1902,1895,1880,1888,1882,1892,1903,1865,1875,1897,1888,1867,1867,1875,1878,1870,1889,1885,1881
11654,11264,11226,11030,10786,10669,10679,10709,10600,10512,10462,10269,10215,10043,9945,9750,9705,9564,9469,9478,9339,9253,9286,9317,9224,9181,9106,9120,9081,9017,8978,8924,8968,8881,8759,8712,8654,8517,8497,8584,8488,8492,8460,8413,8481,8437,8426,8393,8339,8400,8544,8556,8569,8568,8500,8452,8316,8465,8264,8228,8293,8368,8443,8486,8408,8280,8251,8256,8365,8274,8246,8226,8190,8121,8101,8176,8142,8131,8158,8100,8057,8058,8051,8056,8081,8064,8125,8095,8168,8017,8090,7958,8076,8039,8005,8101,8040,8062,8049,8082,8008,8060,8066,7964,8046,7970,8002,7988,8054,7997,7933,8077,8061,8079,8170,8131,8137,8145,8115,8118,8111,8032,8102,8172,8171,8067,8075,8079,8073,8036,8068,7936,8060,8046,8121,8098,8035,7976,8025,8073,8080,8077,7974,7985,8026,8064,8090,8039,8121,8095,8046,8145,8008,8029,8155,8169,8046,8150,8160,8143,8055,8062,8120,8228,8176,8311,8269,8175,8084,8183,8147,8176,8193,8195,8198,8182,8152,8250,8129,8217,8216,8235,8203,8235,8108,8119,8155,8169,8220,8154,8171,8219,8170,8180,8213,8207,8162,8183,8135,8156,8173,8138,8107,8130,8115,8131,8175,8106,8115,8199,8131,8140,8185,8179,8134,8120,8159,8162,8118,8045,8189,8067,8091,8118,8065,8061,7983,8007,7931,7957,7994,7954,7923,7932,7841,7907,7813,7848,7823,7841,7813,7890,7820,7723,7773,7743,7719,7764,7791,7776,7706,7779,7737,7802,7767,7798,7843,7824,7726,7741,7717,7677,7628,7651,7507,7492,7435,7361,7343,7226,7128,7044,7020,6917,6974,6874,6790,6668,6738,6612,6580,6579,6539,6455,6370,6419,6400,6389,6325,6335,6216,6201,6238,6224,6199,6128,6205,6110,6117,6167,6106,6101,6059,6006,6056,6068,5980,6010,6020,5981,6018,6069,5938,5898,6004,5940,5954,5859,5927,5882,5858,5888,5830,5889,5909,5872,5909,5848,5852,5863,5904,5838,5919,5843,5795,5856,5883,5851,5842,5897,5838,5824,5808,5857,5881,5886,5817,5893,5960,5854,5874,5887,5837,5956,5822,5888,5846,5976,5889,5821,5885,5910,5917,5858,5880,5848,5819,5838,5828,5850,5778,5792,5806,5778,5726,5765,5743,5692,5711,5638,5703,5643,5636,5670,5614,5595,5688,5627,5622,5616,5542,5576,5579,5574,5606,5550,5571,5527,5598,5555,5551,5568,5513,5543,5465,5548,5560,5520,5559,5532,5524,5459,5582,5457,5512,5536,5496,5446,5534,5441,5500,5403,5453,5399,5466,5486,5437,5463,5447,5469,5489,5474,5456,5458,5427,5462,5478,5443,5422,5447,5457,5411,5470,5489,5411,5427,5380,5407,5394,5508,5343,5356,5421,5395,5342,5408,5389,5360,5440,5392,5366,5422,5372,5373,5343,5419,5356,5331,5433,5378,5400,5428,5424,5391,5356,5371,5289,5345,5351,5289,5345,5401,5402,5331,5319,5396,5343,5321,5373,5353,5295,5327,5351,5310,5335,5291,5331,5327,5283,5387,5303,5287,5340,5363,5354,5342,5342,5348,5377,5349,5353,5357,5367,5393,5348,5413,5454,5393,5453,5442,5478,5392,5463,5397,5393,5425,5418,5478,5465,5427,5382,5363,5465,5452,5398,5469,5447,5448,5335,5462,5307,5480,5418,5306,5358,5333,5346,5341,5401,5385,5379,5376,5373,5370,5282,5334,5324,5294,5394,5256,5361,5256,5288,5263,5290,5334,5210,5244,5258,5258,5214,5212,5224,5211,5170,5223,5218,5211,5169,5121,5111,5186,5140,5127,5182,5106,5110,5108,5027,5074,5051,5123,5152,5039,5024,5073,4959,5035,4977,5046,4906,5014,4924,5023,5010,4989,4976,4978,5003,4996,5011,4992,4934,4979,4958,4926,4934,5003,4926,4948,4994,4901,4939,4847,4896,4951,4929,4892,4916,4923,4943,4878,4908,4894,4914,4827,4918,4921,4859,4870,4875,4919,4835,4870,4877,4825,4835,4912,4864,4889,4863,4892,4838,4843,4852,4847,4838,4845,4821,4842,4870,4808,4826,4847,4805,4796,4823,4831,4822,4757,4761,4864,4756,4806,4800,4762,4701,4762,4746,4761,4778,4801,4757,4791,4759,4672,4762,4768,4719,4737,4697,4698,4823,4689,4651,4754,4685,4665,4720,4664,4649,4696,4686,4697,4697,4667,4701,4610,4703,4642,4714,4746,4669,4688,4693,4648,4641,4706,4648,4630,4704,4714,4635,4709,4656,4670,4667,4679,4697,4695,4629,4712,4702,4661,4688,4638,4653,4681,4709,4688,4710,4635,4670,4609,4630,4670,4678,4667,4694,4739,4635,4689,4711,4674,4648,4710,4716,4685,4736,4735,4647,4687,4672,4642,4638,4654,4638,4669,4748,4649,4686,4659,4690,4684,4695,4659,4689,4665,4670,4708,4654,4676,4706,4649,4700,4639,4653,4667,4707,4654,4651,4641,4649,4635,4672,4666,4663,4649,4621,4602,4619,4696,4657,4644,4650,4585,4629,4645,4543,4653,4596,4659,4614,4614,4639,4571,4632,4671,4603,4652,4592,4537,4578,4574,4538,4566,4606,4570,4544,4583,4547,4590,4599,4620,4586,4595,4577,4557,4585,4529,4553,4572,4625,4530,4603,4602,4563,4620,4557,4566,4486,4549,4566,4468,4539,4532,4513,4521,4513,4499,4532,4557,4530,4564,4510,4515,4540,4545,4459,4533,4592,4508,4458,4567,4529,4492,4480,4464,4515,4509,4529,4556,4503,4493,4452,4507,4516,4485,4531,4533,4477,4543,4526,4558,4530,4565,4510,4533,4469,4543,4535,4550,4553,4565,4515,4542,4515,4504,4526,4516,4527,4519,4554,4501,4495,4532,4522,4537,4511,4527,4488,4488,4579,4602,4573,4548,4558,4587,4509,4506,4573,4548,4574,4579,4586,4609,4566,4593,4558,4580,4579,4549,4568,4542,4570,4565,4576,4546,4607,4619,4557,4619,4552,4632,4631,4603,4616,4636,4613,4583,4580,4633,4580,4622,4611,4619,4629,4592,4588,4619,4610,4585,4615,4636,4572,4588,4638,4589,4603,4605,4560,4621,4619,4586,4604,4587,4515,4634,4544,4557,4526,4493,4517,4551,4497,4492,4471,4535,4416,4503,4493,4463,4522,4437,4516,4446,4429,4493,4477,4420,4371,4396,4495,4467,4478,4448,4368,4460,4419,4439,4410,4387,4348,4451,4299,4426,4375,4335,4385,4388,4358,4349,4330,4314,4291,4285,4351,4342,4290,4337,4324,4278,4307,4268,4326,4331,4279,4327,4324,4299,4275,4338,4279,4280,4276,4285,4274,4259,4283,4326,4303,4264,4274,4302,4229,4237,4231,4268,4241,4235,4224,4267,4246,4218,4235,4250,4200,4211,4185,4248,4237,4232,4145,4198,4199,4126,4167,4192,4175,4181,4137,4206,4170,4191,4117,4152,4164,4118,4136,4172,4146,4145,4123,4156,4194,4119,4151,4180,4141,4097,4172,4099,4165,4137,4104,4175,4091,4098,4105,4119,4095,4118,4116,4122,4115,4090,4110,4103,4054,4108,4068,4096,4131,4043,4137,4123,4094,4147,4113,4098,4117,4083,4059,4069,4103,4082,4077,4173,4133,4055,4100,4070,4127,4136,4075,4036,4098,4025,4094,4094,4137,4075,4083,4067,4113,4087,4108,4099,4113,4158,4067,4066,4104,4080,4085,4108,4084,4100,4022,4116,4082,4067,4082,4096,4061,4127,4079,4075,4048,4013,4003,4017,4059,4044,4068,4093,4060,4040,4013,4042,4045,4053,4047,4035,3999,4006,4021,3991,3979,4002,4030,4016,4009,3986,3958,3990,3986,3948,3995,3993,3991,3990,3987,3947,4014,3961,3941,3973,3931,3979,3977,3935,3944,3934,3968,3939,3942,3958,3955,3946,3911,3908,4006,3952,3940,3955,3928,3945,3990,3913,3940,3930,3960,3962,3921,3903,3933,3900,3901,3905,3941,3925,3884,3886,3932,3915,3894,3903,3875,3915,3941,3931,3902,3905,3906,3917,3944,3930,3887,3904,3922,3935,3877,3885,3895,3890,3913,3895,3872,3886,3871,3865,3898,3846,3907,3848,3868,3892,3890,3892,3862,3845,3864,3887,3885,3902,3890,3890,3865,3886,3827,3863,3876,3870,3852,3890,3831,3808,3839,3860,3856,3820,3880,3822,3851,3838,3787,3860,3875,3889,3825,3863,3815,3848,3809,3781,3828,3794,3883,3841,3791,3769,3863,3810,3825,3839,3805,3806,3804,3772,3740,3775,3773,3805,3771,3794,3726,3787,3776,3803,3756,3754,3785,3746,3749,3799,3765,3758,3810,3803,3762,3772,3808,3766,3751,3764,3716,3725,3785,3753,3687,3737,3750,3766,3739,3771,3791,3715,3741,3738,3718,3757,3726,3716,3772,3709,3706,3750,3747,3758,3720,3745,3726,3723,3706,3711,3674,3720,3699,3724,3726,3682,3616,3707,3642,3644,3705,3654,3664,3635,3667,3661,3627,3649,3635,3620,3659,3642,3603,3624,3682,3663,3655,3612,3660,3668,3631,3623,3655,3649,3640,3636,3624,3589,3564,3633,3615,3528,3608,3606,3579,3578,3563,3591,3568,3550,3605,3568,3576,3533,3545,3565,3596,3584,3542,3577,3566,3587,3547,3554,3570,3549,3555,3561,3555,3530,3547,3528,3535,3557,3527,3497,3476,3483,3481,3502,3499,3551,3474,3460,3532,3491,3502,3529,3457,3524,3515,3485,3490,3500,3493,3490,3499,3456,3466,3483,3435,3484,3483,3477,3446,3474,3480,3429,3382,3415,3456,3445,3413,3463,3442,3436,3421,3423,3419,3446,3407,3387,3425,3419,3408,3426,3468,3388,3425,3427,3412,3385,3403,3402,3383,3382,3352,3425,3396,3381,3358,3371,3376,3405,3354,3365,3379,3405,3359,3370,3405,3364,3379,3393,3351,3386,3389,3405,3335,3383,3363,3339,3336,3364,3371,3404,3390,3335,3414,3411,3335,3379,3334,3389,3326,3317,3321,3340,3323,3291,3309,3334,3381,3345,3310,3307,3340,3327,3336,3338,3290,3244,3336,3291,3329,3339,3288,3340,3323,3327,3316,3315,3306,3330,3309,3313,3277,3295,3296,3271,3330,3277,3305,3223,3267,3257,3281,3252,3309,3252,3273,3275,3268,3267,3224,3255,3257,3237,3270,3255,3227,3188,3270,3270,3251,3282,3282,3235,3241,3283,3229,3293,3258,3252,3247,3231,3251,3243,3259,3218,3243,3219,3239,3239,3232,3200,3219,3265,3205,3218,3186,3207,3171,3178,3165,3213,3201,3214,3191,3198,3176,3233,3231,3170,3178,3210,3228,3199,3207,3207,3164,3191,3179,3185,3210,3167,3154,3185,3170,3191,3147,3151,3150,3171,3150,3175,3178,3155,3088,3146,3119,3149,3203,3165,3153,3126,3146,3155,3164,3156,3172,3140,3190,3130,3124,3166,3195,3179,3175,3133,3110,3093,3181,3154,3133,3123,3163,3162,3104,3138,3138,3144,3138,3114,3149,3126,3133,3108,3184,3130,3080,3089,3134,3163,3132,3157,3134,3134,3133,3139,3117,3094,3120,3113,3068,3070,3100,3115,3140,3086,3114,3120,3142,3149,3092,3072,3104,3138,3104,3079,3119,3130,3100,3088,3046,3100,3114,3093,3023,3090,3067,3055,3093,3041,3081,3045,3061,3066,3072,3037,3039,3026,3030,3037,3076,3026,3065,3094,3087,3018,3043,3041,3032,3047,3070,3041,3029,3061,3044,3054,3038,3036,3058,3042,3060,3031,3067,3030,3015,3027,3010,2990,3078,3025,2992,3010,3026,2983,2984,3005,2990,2971,2969,3015,2953,2953,2962,2991,2988,2981,2975,2991,3001,3015,3042,2998,2978,3013,3018,3007,3036,3013,2996,3029,3011,2998,2972,3012,3015,3018,3003,2987,3008,2984,2987,2989,3004,2989,2980,2995,2986,2976,2983,3000,2987,2994,2941,2984,2981,2937,2972,2964,2950,2960,2969,2992,2982,2986,2943,2952,3019,2996,2980,3001,2946,2981,3029,2981,2977,2998,2990,3013,3010,3002,2975,2996,3000,3015,2991,2946,3004,2956,2991,2992,3000,2993,2958,2991,2974,2990,3017,2940,2949,2976,2915,2981,2984,2967,2942,2980,2961,2962,2926,2928,2962,2959,2926,2945,2971,2954,2919,2992,2926,2925,2979,2970,2944,2961,2945,2937,2999,2918,2981,2916,2964,2922,2956,2964,2918,2955,2955,2939,2955,2917,2949,2936,2939,2977,2972,2924,2944,2930,2909,2911,2940,2934,2959,2919,2907,2912,2930,2904,2892,2907,2880,2905,2910,2853,2862,2917,2872,2860,2889,2882
4419,4423,4453,4366,4451,4393,4451,4447,4420,4404,4447,4425,4392,4405,4371,4368,4409,4467,4398,4418,4406,4420,4374,4455,4396,4378,4428,4429,4380,4321,4426,4343,4357,4352,4353,4378,4388,4401,4417,4368,4331,4368,4372,4360,4386,4323,4363,4402,4349,4373,4323,4311,4374,4327,4292,4328,4372,4319,4380,4334,4312,4340,4320,4334,4308,4404,4256,4288,4345,4317,4308,4277,4343,4292,4245,4262,4320,4271,4307,4277,4268,4248,4233,4263,4251,4265,4249,4246,4294,4254,4264,4208,4232,4197,4280,4242,4247,4299,4191,4243,4237,4202,4186,4160,4227,4194,4237,4200,4270,4184,4203,4172,4176,4239,4195,4207,4211,4255,4202,4161,4190,4202,4150,4128,4192,4134,4134,4133,4146,4102,4179,4151,4131,4098,4132,4115,4119,4115,4005,4130,4135,4130,4111,4107,4114,4080,4092,4093,4086,4126,4076,4072,4098,4076,4071,4114,4094,4059,4033,4044,4094,4060,4049,4050,4099,4042,4010,4050,4093,4055,4063,4042,4081,3995,4049,4002,4030,4012,3971,4001,3987,4024,4017,4055,4001,4018,4017,3977,3962,4002,3981,3964,3990,4019,3946,3965,3980,3953,3987,3994,3987,3959,3983,3931,3913,3963,3955,3985,3949,3915,4004,3940,3906,3930,4000,3896,3960,3901,3910,3881,3939,3921,3905,3962,3929,3915,3901,3878,3879,3856,3933,3941,3883,3934,3884,3905,3905,3856,3881,3932,3877,3895,3881,3873,3878,3849,3896,3818,3832,3845,3838,3873,3889,3844,3823,3891,3854,3868,3832,3848,3828,3798,3810,3805,3803,3789,3801,3782,3836,3774,3795,3818,3712,3827,3816,3817,3763,3784,3791,3750,3745,3715,3731,3761,3762,3767,3783,3725,3770,3737,3805,3753,3725,3760,3723,3739,3748,3708,3732,3697,3729,3709,3685,3695,3688,3691,3683,3716,3688,3680,3682,3693,3719,3687,3711,3683,3652,3707,3656,3672,3660,3670,3658,3688,3645,3637,3699,3654,3632,3616,3613,3594,3590,3630,3621,3631,3631,3555,3612,3660,3608,3636,3596,3612,3585,3623,3560,3598,3579,3617,3554,3570,3596,3563,3559,3633,3566,3533,3518,3582,3533,3511,3552,3593,3607,3566,3511,3531,3528,3537,3493,3517,3529,3567,3581,3560,3530,3494,3482,3503,3504,3520,3509,3506,3516,3503,3539,3488,3527,3536,3477,3445,3441,3495,3526,3443,3458,3487,3429,3452,3412,3469,3447,3423,3441,3481,3489,3492,3493,3445,3474,3429,3488,3464,3427,3444,3427,3391,3418,3439,3474,3451,3463,3439,3471,3462,3480,3418,3405,3439,3454,3449,3451,3444,3422,3460,3417,3440,3396,3402,3413,3405,3427,3467,3439,3404,3441,3384,3439,3440,3400,3391,3385,3416,3386,3399,3372,3389,3363,3408,3408,3392,3384,3433,3393,3366,3310,3374,3356,3378,3327,3339,3339,3354,3359,3410,3327,3320,3383,3339,3343,3351,3363,3342,3320,3338,3339,3341,3361,3326,3342,3313,3352,3331,3306,3318,3365,3288,3327,3329,3324,3312,3329,3288,3301,3290,3323,3280,3302,3292,3260,3258,3294,3221,3280,3239,3252,3243,3263,3238,3270,3237,3256,3223,3262,3193,3223,3208,3228,3248,3227,3247,3209,3184,3190,3232,3202,3207,3247,3221,3210,3153,3159,3186,3212,3184,3180,3168,3171,3166,3126,3152,3172,3196,3203,3127,3162,3182,3131,3144,3140,3112,3125,3119,3125,3098,3114,3103,3094,3140,3113,3124,3082,3141,3102,3087,3110,3099,3082,3078,3107,3094,3054,3090,3138,3084,3090,3112,3091,3061,3017,3055,3097,3068,3075,3040,3079,3110,3035,3058,3043,3030,3040,3054,3078,3071,3043,3046,3050,3050,3048,3065,3019,3050,3025,3010,3050,3033,3025,3036,3029,3014,3054,3016,3019,3015,3004,3033,2999,2980,3009,3008,2997,3019,3014,3049,2999,3015,3026,3013,3017,2980,2968,2975,2959,2972,2990,2948,2930,2985,2986,2970,2999,2987,2965,2975,2914,2970,2959,2978,2925,2979,2941,2998,2931,2950,2943,2922,2944,2929,2929,2956,2929,2930,2931,2922,2919,2907,2999,2955,2901,2905,2909,2888,2911,2919,2897,2889,2942,2936,2898,2930,2915,2870,2910,2908,2919,2898,2944,2862,2886,2912,2884,2882,2868,2890,2874,2863,2891,2891,2884,2887,2890,2913,2911,2862,2878,2861,2843,2904,2884,2904,2911,2901,2866,2870,2899,2860,2874,2878,2877,2886,2879,2809,2860,2888,2867,2879,2854,2850,2862,2858,2852,2832,2843,2857,2824,2847,2840,2824,2837,2805,2860,2833,2836,2842,2853,2818,2807,2828,2834,2794,2779,2835,2807,2794,2802,2801,2794,2785,2810,2797,2805,2772,2793,2779,2773,2811,2808,2807,2808,2807,2804,2825,2795,2781,2757,2784,2753,2791,2776,2789,2785,2801,2729,2772,2744,2766,2759,2742,2774,2726,2791,2783,2770,2748,2757,2773,2782,2762,2754,2730,2763,2739,2782,2742,2744,2771,2733,2745,2738,2749,2732,2703,2763,2707,2759,2708,2730,2765,2752,2734,2755,2706,2690,2721,2720,2720,2730,2712,2702,2714,2680,2715,2692,2706,2699,2712,2720,2681,2673,2729,2706,2728,2705,2708,2685,2677,2716,2715,2686,2703,2686,2691,2668,2700,2698,2662,2652,2635,2645,2655,2677,2677,2674,2670,2716,2665,2663,2623,2635,2676,2638,2639,2706,2676,2631,2669,2643,2659,2640,2683,2625,2645,2680,2611,2634,2575,2618,2625,2654,2601,2620,2595,2633,2633,2598,2640,2596,2620,2638,2635,2594,2607,2607,2611,2591,2633,2649,2609,2628,2620,2619,2619,2591,2614,2607,2621,2599,2610,2564,2587,2575,2571,2610,2604,2572,2578,2554,2574,2629,2603,2578,2586,2565,2583,2594,2587,2550,2568,2595,2603,2600,2570,2590,2563,2560,2570,2569,2575,2571,2592,2549,2557,2529,2594,2565,2588,2557,2575,2560,2570,2570,2571,2550,2558,2548,2516,2529,2546,2524,2537,2554,2520,2520,2540,2541,2557,2525,2523,2538,2535,2537,2559,2507,2555,2511,2511,2517,2500,2519,2528,2518,2535,2485,2485,2545,2500,2517,2510,2532,2482,2509,2479,2506,2546,2512,2521,2500,2506,2513,2533,2495,2493,2498,2501,2473,2472,2494,2468,2465,2449,2471,2495,2469,2471,2497,2487,2465,2461,2475,2463,2447,2444,2452,2471,2467,2466,2444,2465,2482,2463,2445,2471,2442,2464,2458,2475,2451,2420,2438,2402,2448,2422,2418,2452,2408,2435,2435,2447,2438,2465,2408,2431,2434,2433,2402,2418,2380,2428,2407,2406,2397,2400,2412,2388,2407,2407,2366,2411,2401,2435,2395,2400,2416,2367,2416,2382,2403,2382,2362,2393,2405,2399,2418,2390,2347,2379,2387,2370,2363,2357,2390,2387,2376,2339,2360,2378,2360,2369,2365,2341,2341,2349,2345,2345,2375,2339,2354,2363,2337,2344,2363,2339,2341,2357,2337,2307,2335,2317,2362,2324,2339,2341,2339,2301,2308,2337,2325,2359,2311,2300,2293,2335,2311,2326,2299,2298,2319,2330,2326,2311,2309,2327,2322,2322,2318,2315,2296,2310,2286,2307,2308,2287,2300,2298,2309,2291,2279,2298,2313,2280,2312,2279,2294,2289,2279,2290,2267,2293,2287,2287,2282,2287,2266,2287,2301,2295,2279,2289,2265,2274,2274,2273,2255,2267,2269,2288,2275,2246,2257,2270,2269,2245,2281,2256,2259,2262,2261,2251,2265,2266,2240,2242,2239,2233,2247,2243,2230,2273,2259,2238,2235,2234,2236,2221,2244,2237,2226,2217,2229,2229,2231,2245,2234,2237,2209,2239,2232,2206,2220,2227,2205,2204,2209,2230,2228,2226,2200,2225,2211,2208,2196,2233,2209,2223,2220,2215,2240,2232,2199,2216,2230,2235,2205,2213,2173,2180,2246,2215,2172,2208,2199,2201,2188,2188,2206,2195,2201,2187,2174,2190,2207,2187,2181,2196,2192,2176,2182,2206,2185,2168,2204,2203,2182,2184,2162,2185,2193,2172,2198,2178,2155,2193,2191,2166,2179,2181,2148,2176,2169,2184,2168,2178,2147,2127,2190,2187,2185,2163,2161,2191,2152,2162,2151,2156,2140,2154,2165,2165,2190,2166,2178,2167,2142,2163,2166,2153,2121,2124,2144,2132,2147,2145,2154,2145,2115,2149,2169,2149,2100,2131,2179,2120,2128,2129,2116,2147,2127,2154,2118,2162,2131,2140,2125,2119,2143,2146,2119,2134,2150,2126,2138,2135,2149,2138,2123,2124,2127,2103,2129,2102,2090,2140,2129,2115,2109,2104,2112,2135,2101,2109,2139,2126,2114,2115,2128,2099,2094,2101,2095,2100,2111,2106,2104,2106,2113,2089,2086,2099,2122,2111,2115,2103,2095,2116,2090,2092,2112,2056,2081,2075,2092,2101,2092,2115,2132,2077,2093,2073,2101,2092,2106,2110,2101,2086,2091,2092,2065,2079,2073,2092,2099,2106,2106,2079,2098,2062,2075,2094,2082,2055,2090,2083,2074,2086,2083,2083,2096,2072,2094,2078,2048,2088,2086,2072,2057,2069,2080,2096,2083,2071,2061,2049,2083,2080,2067,2057,2067,2056,2069,2073,2047,2067,2070,2081,2034,2061,2079,2064,2045,2024,2059,2055,2061,2070,2050,2061,2046,2042,2055,2070,2053,2053,2050,2032,2076,2056,2038,2044,2070,2062,2036,2072,2054,2069,2001,2046,2056,2036,2039,2034,2029,2021,2007,2041,2024,2037,2022,2021,2067,2026,2037,2023,2028,2019,2046,2053,2054,2034,2022,2011,2003,2034,2013,2007,2018,2030,2042,2021,2017,2025,2028,2034,2040,2015,2012,2026,2027,1985,2022,2011,2024,2036,2008,2033,2015,2025,2011,2007,2002,2019,2022,1999,1982,2008,2019,2016,2021,2003,1998,2026,1995,1989,2031,2010,2016,2019,2018,2019,1995,2003,1992,2010,2001,1992,2023,2010,2010,2001,1997,2007,1993,2020,2011,2006,1993,2012,2006,1995,1980,2005,2000,1995,2011,1964,1994,1980,2005,2007,1961,1992,1977,1985,1993,1997,2002,1982,1967,1975,1960,1974,1996,1998,1965,2000,1970,1991,1975,1976,1975,1971,1991,1993,1983,1984,1980,1990,1978,1980,1976,1974,1963,1962,1964,1980,1975,1970,1976,1960,1976,1967,1957,1957,1986,1953,1971,1963,1965,1974,1960,1973,1983,1985,1953,1962,1958,1945,1969,1959,1952,1965,1989,1969,1955,1931,1936,1952,1939,1943,1959,1967,1950,1939,1955,1963,1977,1964,1961,1960,1955,1938,1959,1955,1951,1959,1952,1941,1952,1938,1946,1950,1949,1943,1953,1943,1950,1949,1944,1957,1938,1943,1941,1975,1937,1963,1943,1947,1940,1941,1950,1948,1944,1950,1932,1941,1937,1931,1923,1949,1912,1942,1970,1943,1922,1934,1946,1949,1921,1952,1955,1922,1939,1955,1953,1945,1933,1934,1914,1922,1910,1958,1940,1946,1944,1926,1952,1955,1940,1938,1932,1927,1927,1916,1928,1930,1928,1908,1907,1931,1931,1904,1928,1931,1915,1928,1900,1922,1907,1911,1922,1910,1921,1920,1911,1914,1912,1919,1901,1917,1917,1917,1894,1935,1920,1925,1917,1914,1917,1920,1902,1919,1903,1914,1905,1887,1921,1903,1892,1895,1884,1922,1907,1892,1913,1912,1918,1915,1919,1896,1927,1922,1921,1888,1921,1896,1917,1913,1921,1907,1896,1909,1921,1900,1908,1899,1908,1888,1914,1893,1895,1921,1909,1926,1904,1901,1907,1898,1905,1903,1906,1920,1926,1886,1891,1904,1900,1915,1896,1907,1896,1878,1909,1931,1894,1910,1906,1909,1888,1915,1929,1922,1880,1901,1899,1894,1915,1920,1888,1905,1900,1905,1904,1909,1912,1907,1901,1914,1912,1901,1922,1885,1903,1895,1926,1928,1908,1895,1904,1911,1912,1895,1915,1913,1920,1908,1908,1910,1920,1880,1894,1898,1892,1881,1907,1922,1911,1906,1904,1898,1907,1892,1913,1903,1922,1889,1903,1903,1895,1921,1892,1917,1899,1898,1886,1888,1901,1883,1890,1890,1890,1913,1909,1905,1902,1918,1904,1884,1885,1893,1909,1910,1908,1891,1906,1900,1869,1894,1898,1887,1906,1886,1881,1890,1900,1874,1888,1884,1891,1900,1902,1895,1880,1887,1885,1906,1866,1912,1878,1875
17777,17686,17717,17428,17391,17394,17306,17308,17203,17220,17267,17174,16955,16773,16626,16569,16421,16496,16451,16316,16171,16282,16339,16341,16185,16234,16308,16146,16152,16055,16050,16057,15975,15818,16046,15763,15753,15722,15629,15505,15634,15577,15662,15620,15502,15362,15562,15393,15603,15639,15749,15654,15733,15702,15629,15656,15560,15420,15552,15392,15435,15513,15600,15691,15581,15546,15432,15457,15600,15475,15456,15323,15382,15334,15373,15285,15244,15279,15272,15265,15169,15291,15224,15306,15140,15222,15362,15289,15350,15255,15158,15320,15278,15089,15302,15186,15162,15305,15117,15338,15199,15153,15200,15119,15114,15211,15276,15196,15320,15250,15365,15190,15339,15223,15364,15364,15398,15355,15286,15396,15296,15306,15278,15209,15200,15348,15287,15272,15262,15246,15285,15206,15158,15298,15202,15248,15304,15425,15375,15348,15284,15274,15150,15291,15219,15202,15197,15276,15325,15238,15315,15353,15385,15281,15326,15302,15331,15341,15274,15348,15428,15346,15386,15515,15433,15433,15374,15416,15442,15283,15309,15492,15370,15566,15474,15424,15336,15355,15562,15456,15475,15268,15404,15336,15421,15461,15315,15307,15449,15491,15310,15461,15461,15242,15417,15403,15446,15490,15398,15458,15435,15425,15424,15351,15371,15332,15233,15411,15297,15287,15240,15368,15411,15388,15456,15313,15278,15247,15319,15306,15357,15497,15463,15303,15393,15417,15320,15444,15368,15314,15530,15252,15412,15360,15383,15245,15353,15195,15355,15175,15242,15347,15197,15191,15231,15228,15188,15090,15180,15077,15223,15151,15111,15242,15149,15143,15114,15094,15228,15151,15090,15014,14952,14937,14979,15034,14843,14835,14686,14738,14607,14594,14632,14488,14433,14580,14499,14371,14403,14428,14294,14333,14264,14252,14237,14163,14298,14064,14115,14024,13962,14121,14031,13982,14081,14059,13996,13993,13879,13978,13928,13968,13929,13832,13988,13928,13792,13902,13886,13848,13908,13809,13805,13855,13878,13778,13654,13723,13837,13774,13815,13871,13698,13730,13764,13707,13797,13674,13785,13710,13712,13728,13717,13688,13638,13755,13590,13619,13570,13653,13701,13648,13755,13555,13493,13669,13642,13741,13674,13488,13658,13524,13708,13601,13511,13716,13620,13593,13639,13665,13519,13575,13678,13577,13592,13610,13575,13538,13672,13695,13541,13366,13582,13475,13478,13456,13470,13620,13345,13455,13290,13348,13426,13433,13351,13447,13481,13342,13362,13448,13414,13443,13277,13343,13373,13448,13276,13386,13434,13348,13325,13233,13348,13262,13196,13268,13237,13258,13245,13127,13147,13258,13174,13179,13064,13143,13214,13206,13195,13143,13133,13043,13195,13095,13187,13167,13124,13076,13116,13058,13281,13152,13077,13147,13033,13174,13155,12931,12982,13180,13091,13099,13051,13057,13177,13053,13141,13115,13105,12967,13014,12999,12982,13096,13044,13008,13003,13054,13013,13059,12967,13008,12895,12915,12941,12898,13049,12904,12916,12958,12978,12909,12979,12821,13042,12939,12881,12914,12852,12858,12706,12906,12847,12867,12928,12818,12906,12822,12777,12794,12968,12802,12756,12791,12893,12853,12774,12690,12740,12674,12740,12792,12702,12735,12601,12712,12755,12744,12707,12669,12803,12706,12643,12813,12770,12775,12699,12732,12619,12647,12723,12708,12689,12655,12802,12646,12626,12858,12676,12648,12776,12714,12612,12660,12767,12676,12790,12602,12673,12582,12675,12697,12667,12677,12661,12505,12626,12574,12670,12647,12672,12755,12635,12518,12599,12592,12520,12518,12591,12527,12466,12623,12532,12504,12474,12607,12409,12437,12462,12474,12494,12416,12414,12378,12381,12375,12434,12466,12405,12275,12338,12383,12321,12422,12335,12263,12301,12311,12290,12224,12288,12163,12345,12216,12295,12302,12169,12093,12115,12026,12140,12084,12247,12130,12121,12134,12083,12215,12216,12162,11962,12146,12038,11990,12031,12020,12103,12085,12011,12057,12038,12164,12143,11993,12013,12080,11993,12014,12106,11930,12049,11924,11977,12010,11903,11885,11988,11808,11971,11956,11866,11931,11895,11915,12096,11927,11773,11875,11909,11915,11968,11852,11932,11805,11821,11688,11759,11942,11855,11873,11858,11805,11740,11767,11717,11589,11687,11687,11845,11731,11712,11712,11741,11630,11644,11593,11614,11506,11641,11502,11518,11648,11570,11611,11595,11562,11492,11533,11493,11542,11505,11474,11473,11555,11527,11484,11522,11509,11460,11406,11430,11495,11432,11453,11465,11401,11408,11521,11244,11276,11377,11426,11415,11422,11324,11425,11305,11389,11330,11378,11518,11439,11335,11442,11497,11459,11362,11367,11470,11353,11411,11339,11368,11303,11324,11204,11250,11319,11162,11158,11310,11279,11310,11260,11223,11414,11386,11251,11310,11386,11338,11305,11499,11403,11323,11214,11272,11250,11201,11227,11259,11282,11224,11281,11256,11274,11278,11215,11200,11154,11209,11274,11246,11231,11134,11153,11135,11171,11202,11174,11174,11110,11197,11128,11101,11102,11179,11012,11128,11078,11011,11096,10995,11022,10983,11003,11042,11127,11078,10928,11052,10974,10937,10909,10913,11005,10990,10920,10963,10916,10877,10861,10981,11010,10895,10958,10988,10922,10875,10940,10863,10863,10928,10893,10982,10690,10822,10862,10798,10884,10790,10843,10849,10812,10822,10851,10841,10809,10840,10884,10835,10874,10737,10774,10754,10713,10786,10801,10782,10817,10820,10756,10802,10659,10666,10646,10681,10676,10618,10600,10734,10657,10679,10601,10636,10537,10671,10606,10674,10613,10602,10673,10647,10604,10609,10604,10589,10576,10518,10532,10516,10556,10624,10487,10548,10588,10543,10559,10534,10539,10487,10483,10438,10450,10431,10400,10536,10518,10459,10500,10425,10507,10489,10477,10485,10413,10339,10473,10387,10481,10451,10448,10473,10367,10539,10458,10537,10527,10473,10456,10536,10470,10468,10524,10424,10525,10478,10433,10509,10491,10581,10464,10477,10484,10375,10486,10535,10478,10502,10528,10518,10482,10458,10495,10540,10495,10514,10401,10482,10461,10502,10512,10443,10413,10502,10532,10427,10521,10499,10470,10390,10406,10510,10494,10471,10389,10443,10580,10459,10436,10486,10470,10349,10514,10468,10529,10322,10396,10412,10464,10284,10382,10280,10432,10276,10301,10394,10442,10482,10452,10368,10376,10295,10276,10368,10176,10240,10261,10228,10205,10336,10169,10239,10204,10134,10234,10214,10209,10258,10167,10214,10149,10134,10161,10194,10260,10099,10119,10131,10227,10167,10152,10143,10082,10074,10003,10074,10009,10008,10099,9999,10014,10046,10015,9972,9941,10024,10037,9959,9980,9908,9977,10016,9924,9972,9898,9912,9910,9899,9961,9950,9911,10042,9889,9834,9900,9851,9927,9911,9859,9774,9692,9847,9771,9735,9849,9830,9837,9862,9845,9781,9789,9727,9692,9732,9690,9766,9642,9746,9642,9570,9647,9677,9611,9560,9588,9622,9502,9600,9529,9605,9539,9574,9554,9566,9477,9550,9468,9582,9599,9595,9535,9479,9478,9512,9557,9517,9515,9448,9555,9559,9458,9573,9562,9525,9451,9355,9393,9447,9396,9432,9441,9328,9349,9402,9445,9377,9289,9379,9313,9414,9436,9409,9431,9448,9354,9456,9319,9402,9394,9383,9372,9421,9265,9340,9308,9305,9320,9167,9330,9374,9278,9288,9310,9267,9298,9322,9296,9386,9424,9354,9340,9382,9310,9419,9262,9289,9245,9236,9291,9271,9369,9272,9295,9309,9262,9317,9362,9251,9298,9269,9266,9279,9223,9256,9274,9219,9242,9301,9243,9275,9305,9146,9226,9144,9237,9139,9092,9136,9099,9091,8994,9101,9001,8961,9017,8946,8938,9050,8951,8935,8962,8890,8980,8900,9024,8946,8947,8938,8967,8922,8892,8899,8950,8863,8930,8897,8886,8946,8805,8934,8795,8810,8809,8871,8826,8802,8823,8814,8821,8827,8826,8747,8848,8804,8820,8807,8775,8809,8700,8843,8770,8786,8744,8824,8734,8692,8738,8664,8698,8687,8736,8720,8744,8760,8753,8624,8764,8725,8733,8695,8685,8628,8700,8744,8694,8706,8717,8698,8623,8726,8704,8720,8664,8656,8615,8626,8643,8608,8587,8532,8581,8701,8523,8606,8610,8614,8628,8564,8666,8547,8493,8647,8522,8494,8539,8642,8578,8591,8576,8486,8555,8534,8516,8529,8627,8590,8446,8460,8551,8468,8528,8389,8558,8477,8462,8526,8422,8424,8463,8442,8462,8402,8442,8480,8500,8440,8476,8430,8439,8451,8451,8341,8336,8473,8352,8376,8416,8361,8328,8381,8438,8237,8297,8337,8312,8289,8269,8304,8171,8180,8236,8216,8271,8259,8244,8144,8292,8241,8272,8217,8183,8196,8226,8236,8192,8250,8210,8254,8209,8173,8188,8175,8106,8100,8231,8101,8103,8193,8156,8126,8074,8149,8194,8222,8198,8224,8200,8190,8199,8082,8136,8228,8172,8052,8133,8195,7968,8154,8097,8060,8049,7982,8037,7969,7950,7920,7953,7949,7908,7947,7879,7939,7930,7999,7920,7918,7909,7964,7865,7972,7863,7874,7963,7887,7877,7891,7853,7909,7924,7846,7895,7939,7888,7821,7818,7737,7751,7695,7761,7756,7799,7628,7679,7684,7738,7655,7623,7692,7689,7722,7739,7687,7809,7708,7686,7704,7738,7692,7612,7630,7668,7606,7558,7618,7607,7650,7539,7546,7521,7546,7499,7554,7463,7490,7406,7525,7540,7476,7469,7454,7431,7479,7346,7375,7434,7525,7483,7461,7498,7419,7343,7402,7406,7416,7373,7410,7393,7419,7271,7340,7248,7252,7269,7276,7321,7279,7300,7251,7233,7248,7321,7235,7211,7187,7193,7227,7256,7227,7280,7240,7212,7186,7294,7247,7161,7196,7251,7277,7197,7163,7110,7123,7177,7143,7161,7107,7103,7041,7071,7119,7080,7067,7080,7089,7050,7106,7002,7119,7062,7133,7160,7133,7055,7146,7059,7082,7094,7061,7146,7076,7161,7065,7053,7027,7119,7102,7109,7123,7118,7057,7016,6913,6916,7020,6911,6979,6956,7026,6936,6831,6898,6852,6991,6887,7041,6934,7004,6944,6907,6986,6965,6963,6939,6886,7004,6944,6913,6996,7009,7000,6945,6976,6889,6934,6934,6832,6861,6823,6846,6822,6807,6777,6784,6673,6712,6774,6798,6736,6771,6787,6732,6794,6737,6782,6675,6707,6734,6784,6725,6720,6765,6759,6771,6743,6705,6790,6797,6711,6748,6671,6742,6695,6643,6708,6701,6656,6729,6711,6669,6641,6596,6496,6557,6539,6487,6559,6529,6586,6578,6494,6560,6633,6590,6581,6545,6502,6427,6548,6497,6511,6553,6518,6550,6597,6513,6501,6490,6494,6508,6470,6421,6480,6443,6431,6362,6421,6409,6432,6436,6419,6362,6322,6414,6332,6333,6274,6335,6357,6370,6329,6354,6357,6325,6343,6325,6337,6318,6291,6330,6350,6322,6359,6349,6370,6320,6380,6440,6334,6345,6324,6347,6383,6340,6304,6344,6470,6286,6301,6316,6311,6325,6230,6232,6230,6236,6224,6210,6233,6159,6226,6243,6142,6250,6183,6181,6232,6158,6191,6168,6179,6256,6239,6264,6180,6285,6197,6307,6163,6227,6205,6209,6190,6136,6153,6153,6144,6176,6154,6110,6084,6114,6068,6136,6105,6115,6183,6085,6077,6031,6044,5998,6016,6031,5962,5926,5976,5930,6030,6002,5958,5978,5969,5958,5976,6000,5952,6002,6055,5963,6045,5932,5920,5901,5917,5928,5927,5897,5952,5911,5900,5877,5893,5870,5802,5835,5767,5745,5811,5774,5785,5804,5736,5793,5767,5724,5731,5701,5769,5756,5693,5698,5690,5785,5790,5796,5724,5695,5753,5786,5708,5723,5744,5753,5742,5698,5760,5774,5742,5700,5686,5772,5694,5773,5690,5607,5676,5691,5647,5703,5621,5600,5607,5623,5595,5584,5606,5588,5578,5568,5580,5589,5582,5547,5583,5553,5557,5534,5499,5521,5509,5536,5525,5495,5487,5491,5553,5587,5519,5493,5534,5564,5609,5592,5587,5570,5647,5594,5544,5556,5582,5577,5556,5614,5551,5507,5499,5547,5617,5579,5510,5522,5501,5507,5579,5430,5526,5460,5387,5481,5490,5479,5496,5394,5388,5354,5393,5408,5390,5431,5437,5379,5393,5369,5339,5386,5338,5321,5367,5399,5358,5421,5422,5359,5340,5381,5366,5460,5368,5352,5419,5429,5458,5446,5443,5397,5373,5323,5400,5333,5334,5342,5383,5299,5413,5295,5308,5336,5283,5276,5232,5224,5311,5262,5256,5231,5214,5184,5240,5194,5174,5168,5175,5164,5170,5148,5189,5136,5201,5172
21236,21117,21270,21366,21167,21222,21136,21262,21292,21269,21123,21153,21124,21014,20957,21073,21154,21217,21052,20995,21158,21039,20854,20876,21037,20825,20751,20712,20885,20741,20719,20707,20667,20747,20635,20508,20582,20519,20628,20504,20468,20523,20531,20423,20490,20387,20506,20606,20187,20545,20475,20479,20525,20440,20327,20413,20498,20305,20362,20485,20403,20439,20471,20251,20428,20232,20179,20280,20268,20170,20164,20110,20197,20045,20195,20080,19984,20010,19886,20138,20015,19953,20035,19831,19862,19884,19784,19777,19806,19461,19766,19573,19458,19615,19654,19619,19435,19592,19545,19692,19556,19435,19481,19375,19365,19468,19428,19390,19423,19404,19493,19319,19299,19232,19371,19249,19211,19108,19052,19148,19227,19068,19163,18991,19027,18989,18936,18884,18939,18873,18844,18849,18776,18852,18801,18671,18698,18816,18618,18587,18687,18564,18558,18420,18517,18447,18542,18404,18475,18422,18429,18306,18402,18450,18251,18337,18327,18288,18291,18318,18250,18205,18234,18331,18424,18214,18171,18002,18254,18191,18095,18078,18083,18099,18143,18051,17945,17895,18040,17955,17974,17879,17792,17936,17785,17913,17600,17709,17738,17734,17771,17738,17531,17458,17703,17577,17586,17523,17460,17553,17536,17650,17391,17588,17443,17465,17419,17403,17393,17411,17376,17365,17272,17434,17408,17154,17255,17293,17180,17155,17301,17281,17037,17084,17165,17152,17097,17034,17130,17094,16994,16866,17114,17105,17046,16995,16975,16864,16917,16894,16879,16899,16989,16784,16783,16648,16832,16639,16504,16477,16520,16596,16659,16524,16493,16465,16576,16439,16442,16543,16588,16414,16451,16232,16264,16214,16106,16206,16228,16204,16013,16071,16013,16125,16019,16006,16147,16012,16020,15966,15995,15972,16034,16060,15832,15995,15858,15778,15838,15924,15809,15754,15843,15840,15671,15820,15663,15654,15666,15567,15714,15607,15655,15629,15600,15622,15347,15370,15394,15407,15463,15569,15486,15424,15302,15304,15236,15387,15212,15369,15292,15199,15159,15148,15095,15003,15049,15174,15091,15043,15045,15060,14890,14827,14863,14822,15013,14937,14683,14832,14724,14689,14798,14756,14666,14642,14685,14599,14599,14583,14556,14589,14528,14515,14506,14506,14535,14449,14345,14517,14589,14453,14460,14426,14456,14425,14409,14421,14370,14377,14306,14250,14114,14171,14278,14208,14224,14184,14102,14113,14080,14167,14095,14121,14125,14170,14084,14007,14037,13997,13959,13983,13943,13927,13872,13824,13877,13755,13785,13905,13990,13801,13803,13835,13804,13786,13743,13768,13665,13788,13655,13574,13681,13597,13513,13691,13574,13592,13606,13606,13534,13625,13542,13556,13601,13544,13429,13413,13525,13453,13410,13457,13486,13445,13430,13383,13369,13312,13425,13418,13375,13373,13301,13322,13371,13331,13287,13239,13064,13257,13217,13150,13143,13158,13088,13052,13110,13118,13176,13103,13062,12915,13021,13037,13018,12898,12956,12860,12905,12932,13032,12888,12919,12845,12797,12801,12884,12678,12635,12816,12735,12734,12591,12673,12779,12741,12641,12683,12613,12658,12654,12453,12682,12432,12421,12528,12455,12489,12431,12371,12434,12503,12348,12317,12348,12237,12328,12268,12290,12119,12185,12205,12206,12059,12091,12039,12122,12130,11955,12134,11963,11957,11908,11850,11828,11844,11895,11850,11941,11747,11879,11818,11789,11782,11840,11761,11736,11750,11777,11648,11747,11709,11651,11617,11687,11566,11490,11607,11509,11509,11502,11578,11444,11413,11457,11303,11430,11350,11288,11294,11373,11220,11179,11259,11237,11264,11289,11122,11108,11095,11075,11140,11081,11099,11106,11133,11042,11043,10945,10929,10895,10878,10952,10983,10916,10833,10859,10789,10873,10877,10809,10892,10750,10721,10791,10739,10704,10701,10747,10661,10765,10625,10736,10683,10617,10652,10729,10599,10759,10599,10718,10643,10610,10627,10521,10583,10637,10566,10435,10499,10471,10353,10428,10490,10425,10482,10391,10412,10364,10356,10263,10396,10419,10327,10332,10379,10184,10195,10248,10297,10207,10245,10155,10195,10256,10155,10063,10121,10098,10109,10109,9999,10064,10052,10006,10023,10041,10048,9913,9933,10026,9995,9903,9937,9862,9856,9839,9922,9958,9921,9859,9764,9866,9766,9735,9759,9755,9704,9851,9655,9736,9689,9783,9652,9609,9631,9633,9577,9512,9483,9626,9505,9533,9527,9483,9499,9496,9455,9522,9587,9491,9502,9393,9466,9475,9314,9333,9386,9366,9427,9335,9317,9311,9257,9312,9252,9302,9282,9219,9277,9206,9298,9261,9225,9194,9294,9172,9239,9215,9054,9207,9081,9116,9156,8995,9174,9115,9054,9092,8961,9043,9041,9093,9026,9162,9005,9045,8990,9051,8975,8917,8981,8955,8979,8872,8866,8970,8883,8837,8868,8822,8870,8809,8905,8765,8877,8783,8696,8743,8787,8732,8768,8746,8736,8626,8625,8692,8683,8591,8637,8619,8578,8580,8602,8541,8599,8603,8560,8503,8400,8447,8494,8499,8490,8437,8473,8388,8498,8461,8425,8406,8316,8387,8428,8388,8389,8335,8361,8334,8302,8341,8331,8323,8268,8327,8300,8360,8275,8236,8260,8246,8277,8187,8264,8214,8154,8186,8121,8161,8170,8074,8155,8154,8104,8179,8163,8144,8007,8067,8056,7996,8030,8041,8079,7988,7984,8013,7945,7925,7940,7943,8006,7954,7966,7933,7884,7902,7885,7960,7881,7942,7886,7785,7903,7820,7869,7828,7683,7765,7774,7708,7735,7800,7703,7735,7672,7694,7695,7644,7666,7718,7633,7563,7626,7509,7601,7503,7589,7545,7562,7611,7490,7532,7483,7524,7507,7464,7487,7443,7459,7471,7434,7393,7367,7422,7442,7363,7446,7372,7415,7338,7391,7316,7389,7286,7297,7365,7263,7292,7392,7407,7268,7302,7306,7240,7227,7245,7277,7257,7202,7235,7181,7270,7201,7147,7200,7123,7163,7094,7097,7113,7092,7079,7032,7128,7065,7026,7147,7048,7080,7093,7051,6950,7038,7048,6999,6982,7014,6998,7024,7036,6928,6928,6982,6983,6942,6944,6910,6910,6929,6873,6935,6928,6874,6862,6881,6834,6835,6844,6804,6840,6820,6842,6857,6884,6800,6808,6799,6759,6810,6785,6741,6721,6775,6662,6767,6753,6775,6670,6660,6688,6681,6717,6600,6649,6600,6572,6615,6546,6596,6595,6634,6604,6623,6634,6609,6547,6488,6600,6636,6524,6446,6598,6558,6450,6497,6472,6476,6503,6435,6387,6413,6450,6487,6363,6414,6446,6419,6444,6402,6414,6297,6381,6345,6375,6348,6335,6287,6273,6309,6342,6277,6347,6283,6303,6292,6279,6220,6271,6235,6263,6305,6280,6252,6286,6170,6221,6181,6163,6181,6185,6215,6118,6179,6256,6129,6140,6120,6150,6162,6098,6084,6112,6105,6096,6089,6055,6093,6056,6096,5972,6039,6024,6043,6049,6010,6027,6039,5997,5974,5936,6015,5949,5954,5910,5947,5894,5941,5888,5847,5996,5868,5915,5891,5860,5867,5795,5856,5772,5925,5816,5761,5801,5703,5761,5808,5873,5779,5816,5718,5736,5737,5755,5767,5714,5765,5738,5726,5702,5674,5618,5670,5709,5641,5601,5633,5670,5698,5663,5633,5662,5633,5539,5624,5585,5563,5586,5647,5595,5693,5595,5590,5517,5499,5532,5524,5567,5512,5559,5531,5483,5495,5432,5526,5465,5476,5498,5510,5492,5437,5476,5540,5386,5428,5441,5443,5468,5460,5460,5407,5427,5437,5473,5434,5385,5414,5415,5421,5327,5385,5359,5314,5386,5356,5296,5307,5281,5301,5337,5286,5299,5217,5257,5272,5320,5257,5303,5301,5234,5203,5256,5250,5254,5202,5259,5204,5271,5213,5261,5131,5178,5175,5158,5137,5125,5173,5090,5190,5178,5138,5097,5192,5104,5115,5103,5150,5123,5110,5108,5043,5071,5085,5080,5082,5045,5051,5114,4999,5043,5054,5024,5079,5026,4989,4971,4997,5029,4994,4977,5012,4998,4974,4991,4985,5002,5001,4926,5010,4964,4965,4965,4944,4952,4937,4950,4937,4921,4937,4941,4896,4922,4904,4863,4902,4877,4878,4872,4965,4881,4875,4879,4901,4833,4809,4855,4827,4833,4810,4833,4815,4850,4920,4868,4796,4871,4737,4784,4782,4785,4759,4781,4781,4822,4797,4771,4762,4785,4739,4727,4720,4696,4690,4711,4753,4714,4696,4731,4716,4680,4708,4663,4703,4637,4679,4757,4639,4663,4635,4627,4607,4589,4634,4588,4608,4560,4550,4558,4546,4573,4527,4593,4600,4555,4539,4559,4568,4553,4572,4515,4530,4549,4555,4488,4527,4565,4500,4527,4487,4429,4489,4459,4431,4442,4493,4444,4461,4435,4458,4424,4402,4420,4466,4438,4430,4405,4415,4397,4422,4413,4384,4458,4433,4431,4406,4438,4403,4417,4432,4425,4358,4478,4359,4398,4381,4355,4335,4361,4348,4389,4281,4323,4313,4362,4377,4311,4286,4342,4332,4335,4333,4259,4322,4291,4304,4341,4337,4269,4272,4311,4295,4264,4203,4308,4228,4304,4232,4288,4254,4241,4217,4194,4244,4250,4225,4237,4203,4216,4193,4227,4239,4207,4232,4211,4265,4256,4246,4158,4212,4186,4183,4164,4170,4141,4156,4235,4155,4189,4133,4195,4162,4143,4148,4098,4068,4106,4086,4126,4052,4068,4038,4093,4096,4091,4074,4093,4101,4042,4083,4044,4096,4016,4079,4047,4106,3996,4054,4013,4034,3964,3993,4007,4015,3987,3954,3993,3937,3981,3986,3987,3938,3987,3971,3942,3869,3906,3902,3964,3982,3939,3999,3912,3937,3941,3961,3909,3982,3891,3908,3917,3917,3946,3946,3933,3837,3896,3947,3869,3893,3887,3863,3838,3859,3844,3819,3834,3817,3853,3823,3782,3856,3837,3857,3864,3825,3801,3818,3866,3823,3812,3837,3834,3861,3809,3831,3799,3797,3791,3830,3832,3816,3816,3773,3790,3770,3789,3785,3860,3736,3763,3760,3755,3787,3748,3795,3716,3737,3743,3787,3758,3740,3762,3694,3782,3777,3740,3766,3776,3747,3740,3711,3710,3762,3677,3759,3746,3725,3699,3664,3704,3650,3628,3641,3651,3624,3660,3631,3620,3569,3617,3683,3614,3605,3622,3642,3629,3583,3623,3593,3605,3620,3644,3577,3610,3660,3637,3583,3577,3615,3630,3616,3617,3547,3580,3570,3566,3609,3542,3591,3542,3503,3506,3464,3470,3500,3493,3512,3505,3475,3490,3490,3459,3497,3507,3481,3490,3475,3480,3488,3473,3459,3468,3524,3513,3473,3454,3493,3414,3468,3490,3485,3452,3483,3431,3426,3376,3407,3438,3407,3370,3412,3395,3376,3396,3418,3385,3387,3423,3412,3388,3398,3373,3386,3383,3356,3369,3419,3385,3407,3367,3383,3346,3384,3387,3416,3375,3422,3427,3355,3396,3369,3361,3409,3349,3368,3375,3381,3365,3354,3376,3335,3351,3308,3379,3315,3303,3311,3328,3290,3310,3293,3308,3276,3280,3276,3299,3319,3296,3313,3270,3283,3309,3351,3245,3280,3312,3307,3298,3299,3294,3284,3263,3251,3257,3290,3276,3226,3254,3237,3243,3229,3269,3227,3259,3225,3202,3203,3241,3213,3181,3227,3188,3180,3199,3162,3227,3116,3124,3139,3136,3141,3159,3139,3200,3165,3169,3135,3146,3146,3176,3200,3156,3173,3137,3144,3134,3131,3142,3125,3135,3114,3113,3090,3100,3074,3089,3093,3071,3074,3108,3072,3095,3076,3029,3067,3055,3071,3073,2992,3017,3012,3028,3061,3051,3017,3044,3067,3038,3039,3048,3029,3042,3050,3076,3015,3032,3053,3060,3027,3028,3000,3022,3058,3023,3028,2997,3016,3017,3032,3008,3015,2987,2981,2968,2959,2950,3006,2993,2936,2941,2967,2971,2967,2994,2934,2955,2929,2934,2955,2974,2936,2950,2929,2924,2896,2939,2952,2941,2934,2942,2935,2915,2929,2974,2968,2973,2938,2966,2961,2952,2972,2959,2977,2912,2946,2963,2967,2915,2942,2943,2938,2937,2888,2926,2935,2892,2900,2899,2909,2885,2915,2883,2895,2904,2860,2879,2880,2886,2871,2875,2946,2876,2872,2853,2869,2891,2869,2935,2864,2873,2891,2823,2868,2859,2854,2899,2866,2862,2822,2838,2839,2876,2878,2864,2850,2849,2877,2847,2874,2862,2898,2830,2868,2849,2863,2843,2853,2815,2838,2803,2825,2831,2840,2786,2808,2810,2824,2790,2784,2788,2781,2761,2786,2782,2769,2752,2777,2795,2757,2728,2759
17500,17467,17233,17123,17204,17259,17256,17371,17226,17416,17401,17304,17160,16723,16937,16711,16634,16559,16559,16528,16532,16583,16547,16586,16494,16576,16647,16497,16505,16404,16434,16333,16274,16362,16338,16106,15879,16039,16094,15963,16041,16053,16079,15994,15953,15912,15769,15928,15856,15978,16199,16097,16089,16086,15992,16096,15930,15858,15838,15855,15964,15867,15968,15958,15956,15849,15829,15920,15908,15983,15960,15778,15746,15822,15847,15758,15865,15718,15776,15602,15733,15660,15749,15645,15690,15736,15819,15717,15729,15690,15669,15793,15522,15595,15513,15664,15621,15658,15698,15665,15757,15636,15609,15565,15498,15527,15615,15685,15776,15831,15775,15733,15766,15767,15762,15892,15744,15753,15776,15762,15758,15785,15722,15860,15733,15747,15883,15766,15835,15833,15613,15705,15650,15794,15681,15602,15744,15771,15620,15788,15780,15775,15742,15618,15791,15711,15767,15749,15752,15923,15689,15785,15770,15906,15745,15748,15925,15657,15913,15769,15859,15930,15765,15833,15991,16019,15791,15975,15915,15971,15833,15823,15909,16023,15881,16056,15885,15860,15970,16050,15941,15957,15952,15895,15954,15919,15951,15972,16067,15863,15915,15913,15897,16045,15969,16040,15964,15908,16017,15955,15948,15812,15952,15901,15956,15907,15869,16027,15929,15859,15999,15982,15916,15979,15973,15924,15985,15888,15986,15853,15970,16037,15934,16005,15878,16065,16015,15991,15915,15980,16010,15976,16023,15946,15898,15923,15923,15884,15824,15838,16014,15885,15816,15888,15956,15859,15810,15857,15629,15746,15808,15873,15692,15896,15834,15942,15847,15719,15824,15844,15847,15722,15670,15627,15705,15572,15580,15650,15601,15457,15414,15214,15442,15289,15379,15353,15395,15255,15233,15386,15214,15378,15230,15243,15317,15101,15101,15014,15146,15289,15204,15019,15094,15098,15002,15056,15033,15007,14971,15072,14979,15080,15018,15014,14933,15015,15045,15089,15012,15049,14997,14921,15065,14770,14968,14990,14981,14932,14867,14889,14921,14886,14984,14821,14951,14778,14889,14919,14844,14891,14831,14796,14823,14750,14869,14786,14762,14765,14804,14770,14794,14756,14776,14725,14666,14738,14787,14729,14744,14776,14716,14780,14867,14712,14803,14809,14745,14758,14754,14769,14774,14786,14809,14660,14648,14909,14716,14824,14719,14716,14741,14770,14783,14823,14735,14694,14640,14605,14539,14608,14589,14581,14679,14590,14646,14613,14552,14643,14674,14619,14559,14575,14604,14616,14571,14416,14528,14596,14530,14566,14559,14459,14536,14523,14566,14459,14540,14534,14354,14523,14390,14429,14447,14416,14433,14409,14291,14346,14391,14457,14284,14485,14295,14379,14400,14321,14309,14460,14436,14373,14394,14360,14282,14235,14370,14373,14337,14320,14244,14274,14385,14356,14196,14294,14282,14325,14242,14364,14402,14252,14353,14331,14297,14370,14388,14237,14343,14286,14203,14217,14271,14262,14209,14333,14283,14211,14185,14386,14267,14169,14240,14250,14231,14091,14104,14172,14280,14022,14136,14233,14211,14152,14111,14245,14142,14259,14143,14129,14248,14104,14189,14057,14214,14075,14043,14167,14176,14135,14166,14072,14085,14139,14065,14023,14166,13918,14155,14060,13986,13981,13974,14036,14015,14158,14064,14035,14094,13949,13834,13988,13939,14077,14026,14016,14125,13997,14001,13988,14031,14004,14136,13939,13941,13948,14000,14001,13979,13967,13938,14000,13943,13912,13988,13896,13973,13911,14015,14035,13973,13952,13904,14017,13954,13890,13838,13905,13788,13905,13925,13960,13910,13787,13965,13748,13893,13730,13912,13811,13789,13838,13876,13850,13847,13765,13834,13911,13775,13802,13852,13839,13705,13723,13675,13737,13794,13761,13743,13678,13632,13691,13627,13631,13509,13612,13547,13489,13607,13558,13536,13539,13528,13502,13473,13523,13471,13533,13531,13559,13512,13560,13576,13453,13429,13509,13508,13492,13439,13450,13459,13507,13397,13451,13413,13466,13476,13493,13504,13447,13376,13453,13380,13273,13412,13484,13319,13307,13311,13383,13273,13275,13255,13387,13280,13347,13222,13342,13217,13426,13200,13300,13320,13272,13252,13227,13215,13226,13265,13255,13272,13294,13297,13261,13192,13177,13145,13316,13175,13172,13176,13091,13113,13223,13121,13074,13105,13144,13087,12995,12989,13091,12936,13122,13014,12989,12933,12931,12944,12854,12970,12748,12899,12937,12909,12886,12977,12946,12775,13057,12993,12955,12862,12888,12823,12883,12982,12893,12747,12708,12847,12786,12774,12777,12813,12789,12827,12841,12775,12939,12704,12961,12836,12866,12787,12918,12807,12852,12881,12937,12746,12795,12947,12886,12836,12735,12735,12781,12812,12671,12526,12805,12757,12622,12788,12831,12826,12806,12779,12655,12701,12749,12814,12734,12678,12777,12738,12776,12737,12627,12587,12658,12556,12645,12559,12590,12675,12552,12554,12503,12650,12638,12609,12576,12489,12682,12602,12513,12524,12420,12526,12424,12482,12476,12557,12595,12554,12432,12473,12476,12447,12499,12411,12539,12473,12370,12352,12480,12385,12347,12315,12318,12382,12390,12359,12333,12268,12287,12403,12334,12392,12397,12376,12335,12306,12269,12173,12299,12348,12328,12259,12394,12269,12248,12196,12241,12259,12277,12275,12141,12134,12070,12266,12302,12114,12254,12173,12209,12208,12192,12192,12286,12055,12230,12153,12232,12248,12311,12185,12194,12246,12136,12124,12173,12172,12240,12113,12094,12076,12007,12032,12028,11986,12085,12058,12075,12112,12012,11947,11943,11949,12027,11901,11991,12019,12062,12045,11993,11928,11884,11919,11958,11901,11920,11938,11908,11966,11826,11883,11856,11860,11917,11880,11987,11801,11789,11928,11807,11900,11870,11877,11869,11871,11827,11707,11791,11857,11767,11760,11760,11772,11821,11759,11689,11804,11808,11887,11879,11825,11833,11781,11771,11799,11839,11873,11820,11869,11894,11911,11823,11847,11801,11902,11821,11793,11895,11853,11879,11809,11822,11675,11723,11794,11816,11844,11771,11853,11882,11788,11903,11850,11845,11767,11841,11880,11863,11819,11895,11822,11813,11754,11835,11962,11885,11814,11835,11802,11849,11844,11765,11847,11823,11850,11757,11952,11855,11801,11886,11777,11790,11738,11931,11752,11640,11716,11703,11701,11702,11782,11813,11751,11678,11612,11667,11637,11753,11754,11729,11640,11545,11679,11565,11630,11646,11556,11663,11517,11517,11538,11589,11519,11519,11647,11702,11606,11483,11566,11581,11443,11484,11494,11596,11409,11494,11423,11462,11394,11505,11403,11440,11473,11461,11478,11350,11309,11305,11304,11324,11310,11294,11386,11347,11181,11346,11360,11267,11344,11297,11313,11330,11337,11327,11229,11283,11311,11239,11288,11260,11211,11256,11229,11158,11144,11154,11111,11134,11135,11095,11103,11104,11156,11134,11153,11111,11065,11144,11037,11163,11071,11009,10971,11068,11112,10972,10892,10999,10969,10998,10923,10949,10937,10916,10747,11002,10823,10804,10729,10931,10913,10845,10811,10880,10752,10754,10860,10752,10810,10772,10772,10801,10832,10658,10781,10788,10794,10724,10655,10563,10635,10791,10610,10696,10597,10563,10695,10548,10547,10652,10713,10678,10699,10675,10835,10712,10778,10678,10730,10664,10713,10616,10683,10704,10601,10693,10656,10641,10617,10644,10615,10639,10615,10589,10622,10683,10604,10692,10698,10655,10728,10602,10606,10756,10707,10686,10662,10773,10668,10586,10649,10746,10622,10648,10711,10588,10640,10662,10619,10660,10655,10641,10440,10550,10549,10655,10594,10595,10626,10592,10573,10636,10632,10589,10566,10502,10520,10562,10424,10486,10367,10494,10420,10385,10352,10307,10194,10278,10218,10242,10279,10221,10167,10213,10117,10228,10241,10191,10104,10297,10151,10166,10103,10153,10149,10143,10133,10081,10127,10132,10113,10103,10120,10073,10082,10061,10067,9983,9996,9983,9949,10049,9967,9981,10008,10007,9871,10008,9899,10074,9918,10034,10031,10028,10086,9958,10072,9995,10050,10047,9946,9929,9902,9946,9864,9852,9958,9873,9895,9873,9778,9889,9828,9842,9762,10004,9855,9978,9911,9897,9854,9893,9891,9801,9852,9935,9802,9764,9748,9776,9745,9787,9841,9774,9795,9806,9772,9790,9792,9784,9611,9709,9754,9721,9721,9694,9732,9855,9690,9783,9758,9710,9786,9750,9704,9838,9615,9750,9755,9663,9734,9738,9613,9623,9685,9519,9647,9647,9705,9538,9435,9568,9548,9572,9583,9489,9669,9568,9593,9647,9666,9566,9565,9589,9602,9529,9600,9551,9580,9462,9539,9416,9541,9511,9508,9438,9567,9453,9449,9467,9447,9425,9310,9410,9402,9356,9330,9367,9352,9404,9263,9343,9404,9419,9393,9450,9329,9363,9401,9208,9295,9323,9356,9318,9318,9259,9231,9305,9250,9294,9295,9281,9285,9228,9284,9226,9272,9277,9243,9285,9349,9332,9165,9265,9320,9287,9266,9299,9295,9257,9266,9201,9173,9135,9208,9228,9186,9031,9183,9058,9104,9022,9075,9050,9018,8967,8981,9042,9041,9003,9033,8995,9000,9040,8982,8884,8986,8970,8927,8975,9018,9041,8962,8990,8888,8987,8869,8798,8863,8746,8846,8787,8757,8659,8772,8740,8723,8667,8778,8728,8781,8633,8745,8644,8781,8713,8700,8782,8776,8742,8779,8755,8760,8754,8688,8708,8741,8646,8629,8570,8634,8632,8581,8587,8653,8560,8533,8419,8465,8422,8452,8424,8516,8413,8435,8407,8458,8427,8450,8370,8511,8507,8414,8391,8434,8378,8411,8443,9821,8399,8371,8405,8238,8224,8352,8239,8272,8271,8135,8239,8297,8277,8214,8097,8183,8243,8156,8185,8222,8235,8232,8209,8209,8162,8166,8124,8214,8194,8213,8226,8150,8175,8123,8145,8106,8088,8126,8079,8108,8030,8101,8036,8103,8020,8038,7945,8014,7961,8044,8015,8016,7983,8033,7997,8062,8021,8063,8001,8066,8013,7947,7926,8005,8036,8063,7953,7978,7965,8024,7982,8094,7966,7957,7968,7846,7947,7860,7901,7932,7913,7818,7849,7870,7924,7855,7882,7882,7847,7924,7890,7874,7829,7886,7870,7850,7889,7824,7899,7862,7952,7893,7920,7819,7885,7866,7888,7790,7776,7779,7802,7803,7744,7687,7736,7667,7691,7709,7703,7658,7656,7653,7674,7677,7634,7597,7647,7653,7665,7648,7684,7635,7572,7650,7585,7617,7702,7680,7648,7674,7683,7606,7617,7573,7593,7622,7535,7539,7621,7603,7482,7654,7456,7558,7541,7447,7390,7367,7277,7404,7252,7497,7364,7338,7453,7375,7376,7374,7371,7384,7374,7366,7405,7409,7432,7392,7353,7374,7414,7315,7376,7408,7371,7385,7328,7322,7354,7274,7277,7229,7305,7327,7299,7214,7189,7147,7262,7104,7215,7190,7184,7226,7096,7096,7125,7194,7153,7178,7091,7115,7134,7209,7121,7165,7151,7148,7162,7152,7256,7138,7185,7199,7169,7212,7232,7227,7182,7126,7182,7156,7165,7128,7183,7150,7117,7098,7038,7078,7098,7026,7015,6964,7001,7008,7013,7066,6963,7060,7016,6947,6985,6984,6996,6947,6971,6967,7024,7049,7021,6970,7031,7113,6989,7069,6995,6911,7014,7013,7087,7051,6899,6988,6989,6987,6964,6944,6941,6899,6924,6851,6788,6883,6827,6816,6923,6801,6824,6735,6679,6761,6690,6712,6692,6735,6755,6714,6738,6750,6662,6784,6724,6704,6683,6792,6759,6767,6731,6657,6695,6724,6688,6687,6693,6632,6704,6716,6673,6653,6646,6551,6469,6549,6487,6478,6532,6442,6487,6496,6460,6474,6515,6403,6418,6396,6419,6370,6439,6511,6463,6414,6424,6485,6440,6571,6530,6488,6500,6447,6481,6417,6491,6446,6507,6412,6407,6382,6355,6447,6398,6420,6386,6335,6463,6389,6442,6300,6262,6386,6312,6260,6292,6280,6243,6278,6267,6286,6267,6228,6225,6191,6281,6209,6203,6174,6212,6247,6194,6212,6191,6192,6193,6191,6204,6211,6221,6231,6206,6266,6333,6256,6214,6287,6264,6196,6262,6245,6283,6258,6223,6219,6262,6208,6168,6258,6289,6194,6263,6219,6243,6211,6109,6124,6216,6049,6156,6110,6157,6043,6069,6070,5995,6092,6074,6094,6064,5995,6075,6087,6030,6039,6046,6083,6096,6084,6009,6024,6107,6040,6015,6042,6045,5992,6005,6027,6081,6060,6078,5963,6051,6033,6022,6067,6019,5973,6012,6046,6006,5978,6048,5969,5968,5913,5894,5949,5875,5909,5863,5873,5802,5844,5864,5836,5838,5827,5856,5820,5801,5794,5814,5739,5752,5765,5791,5802,5790
23429,23332,23280,23220,23265,23353,23341,23174,23250,23311,23139,23249,23076,23170,23243,23253,23026,23127,23075,23098,22878,23016,23185,23022,22950,23012,22925,23042,22917,22831,22636,22756,22818,22694,22650,22756,22575,22695,22718,22715,22459,22468,22624,22370,22476,22671,22601,22376,22578,22408,22513,22552,22375,22543,22488,22487,22467,22478,22415,22257,22171,22455,22181,22403,22392,22354,22121,22094,22182,22184,22306,22163,22183,22066,22117,22186,22187,22025,21892,21951,21751,21862,21841,21847,21849,21760,21723,21734,21766,21749,21637,21680,21671,21713,21606,21687,21535,21538,21560,21464,21662,21464,21425,21288,21379,21410,21244,21259,21382,21372,21375,21238,21373,21102,21232,21276,21236,21205,21017,20895,21031,20976,21126,21031,20931,21032,20919,20870,20867,20879,20722,20823,20786,20843,20658,20829,20592,20656,20605,20624,20544,20603,20505,20385,20392,20442,20242,20204,20549,20389,20388,20428,20391,20376,20403,20123,20200,20208,20284,20128,20255,20159,20241,20160,20097,20328,20176,20044,20035,20069,20167,19988,20021,20020,20047,19986,19892,19854,19742,19826,19702,19772,19698,19739,19647,19571,19704,19529,19667,19477,19611,19563,19459,19407,19401,19393,19386,19305,19445,19211,19281,19306,19241,19421,19249,19149,19215,19365,19125,19332,19125,19141,18973,19253,19094,18960,19007,18954,19006,19069,18979,19007,19014,18879,19018,18956,18845,18959,18962,18857,18756,18885,18713,18864,18751,18787,18836,18740,18657,18672,18588,18729,18461,18510,18524,18556,18511,18399,18404,18435,18424,18412,18294,18316,18309,18142,18224,18026,18272,18167,18041,17988,17928,18117,17977,17927,17991,17939,17900,17727,18030,17718,17855,17728,17847,17847,17745,17624,17798,17770,17565,17770,17727,17665,17617,17681,17524,17567,17565,17527,17448,17544,17499,17488,17506,17347,17488,17379,17413,17382,17290,17400,17395,17403,17209,17214,17223,17318,17169,17111,17114,17076,16906,17039,16926,17065,16870,16864,16908,16963,16861,16868,16776,16688,16871,16642,16613,16678,16635,16683,16605,16506,16501,16595,16546,16408,16492,16438,16435,16471,16425,16314,16328,16302,16196,16257,16255,16314,16087,16189,16058,16012,16237,16130,16173,16139,16016,16030,15945,15986,16070,16071,15923,15983,16050,15852,16035,15806,15783,15857,15990,15718,15743,15811,15857,15884,15793,15836,15786,15789,15860,15648,15791,15773,15586,15658,15595,15555,15595,15549,15545,15583,15485,15438,15503,15503,15475,15498,15280,15358,15256,15223,15350,15177,15335,15197,15363,15324,15122,15240,15298,15087,15057,15103,15178,15139,15117,15063,15086,15108,15112,15095,15042,15079,14893,15059,14985,15048,14876,15002,15113,15049,15033,14904,14912,15039,14895,14885,14860,14754,14734,14803,14703,14760,14675,14741,14656,14766,14704,14780,14735,14663,14620,14750,14680,14656,14488,14566,14724,14530,14496,14581,14438,14511,14442,14442,14413,14433,14455,14384,14378,14446,14261,14300,14357,14161,14211,14163,14244,14212,14254,14108,14119,14079,14257,14231,14208,14056,14155,14114,14065,14049,14163,14040,14003,14038,13931,14045,13906,13989,13954,13875,13818,13853,13801,13664,13650,13630,13611,13649,13594,13623,13555,13558,13445,13439,13621,13379,13466,13363,13304,13393,13309,13274,13312,13220,13303,13262,13300,13183,13193,13184,13140,13260,13163,13068,13044,13105,12954,13025,13084,13006,12933,12994,12904,12982,12887,12928,12888,12851,12747,12761,12765,12629,12804,12766,12726,12657,12628,12635,12561,12596,12449,12586,12461,12392,12510,12567,12429,12374,12240,12367,12437,12424,12372,12484,12263,12236,12216,12178,12198,12082,12157,12203,12214,12103,12161,12159,12109,12060,12119,12077,12001,12060,12070,12018,11959,12009,11827,11981,11908,11905,11936,11946,11867,11913,11878,11879,11906,11760,11735,11820,11795,11779,11759,11712,11722,11720,11638,11643,11651,11685,11765,11797,11583,11614,11590,11539,11590,11632,11627,11621,11418,11498,11563,11494,11510,11462,11445,11515,11372,11335,11440,11382,11373,11194,11367,11259,11276,11279,11106,11282,11173,11188,11133,11246,11091,11237,11213,11200,11167,11105,10996,11105,11041,10942,10996,11019,10886,11035,10851,10886,10838,10855,10841,10785,10844,10798,10641,10716,10733,10737,10739,10723,10570,10637,10659,10656,10691,10683,10682,10612,10678,10545,10636,10615,10588,10510,10534,10490,10555,10505,10452,10543,10433,10341,10498,10484,10405,10324,10426,10360,10314,10412,10301,10395,10343,10357,10382,10404,10326,10232,10333,10279,10193,10328,10236,10282,10062,10252,10274,10159,10317,10209,10277,10156,10214,10075,10107,10112,10034,10108,10065,10002,10043,10025,10022,10035,10020,9937,9922,9959,9969,9941,9927,9950,9778,9906,9853,9840,9765,9998,9799,9716,9657,9753,9803,9765,9761,9689,9683,9738,9775,9681,9630,9634,9747,9649,9515,9646,9613,9480,9544,9564,9547,9582,9552,9566,9497,9398,9518,9415,9463,9348,9379,9328,9379,9427,9351,9378,9348,9310,9373,9369,9313,9348,9306,9292,9227,9147,9221,9271,9168,9252,9217,9297,9151,9156,9275,9231,9198,9205,9208,9189,9132,9153,9058,9115,9069,9117,9139,9003,9093,9098,9057,8963,8968,9025,9003,9067,8902,9021,8985,8972,8936,9000,8870,8862,8830,8936,8828,8911,8803,8816,8859,8805,8843,8746,8767,8763,8790,8777,8660,8763,8739,8671,8652,8651,8663,8654,8665,8645,8569,8608,8647,8591,8564,8566,8522,8500,8475,8458,8481,8574,8483,8547,8337,8445,8442,8467,8437,8407,8341,8368,8298,8302,8259,8320,8344,8300,8364,8300,8276,8274,8129,8178,8199,8228,8192,8178,8190,8167,8159,8217,8135,8079,8097,8079,8096,8125,8125,7957,8111,8096,8054,8059,7980,8080,7987,7996,7929,8006,8002,8056,7985,8021,7940,7975,7842,8001,7921,7962,7979,7948,7849,7894,7923,7916,7938,7929,7812,7912,7841,7844,7790,7759,7790,7785,7831,7742,7756,7785,7752,7735,7707,7723,7610,7776,7759,7701,7666,7687,7670,7603,7765,7755,7603,7621,7611,7570,7566,7511,7607,7583,7653,7537,7579,7489,7505,7497,7557,7496,7487,7540,7539,7519,7476,7517,7557,7342,7430,7490,7502,7324,7389,7399,7369,7321,7371,7399,7286,7307,7339,7382,7299,7349,7351,7337,7300,7252,7273,7227,7200,7221,7238,7120,7199,7230,7172,7208,7247,7123,7245,7113,7124,7117,7112,7140,7076,7063,7115,7157,7119,7075,7089,7044,7163,6974,7006,6957,6977,7060,7054,7016,7004,6964,7036,6979,6987,6980,6884,6947,6960,6881,6894,6919,6930,6961,6946,6902,6896,6828,6839,6843,6903,6842,6848,6778,6770,6830,6806,6789,6693,6761,6708,6743,6761,6721,6697,6696,6805,6729,6667,6671,6677,6651,6609,6631,6586,6570,6599,6532,6615,6616,6502,6638,6608,6553,6580,6489,6517,6543,6590,6509,6557,6522,6438,6468,6518,6423,6447,6408,6400,6398,6360,6421,6410,6453,6355,6332,6414,6349,6411,6351,6354,6403,6405,6387,6380,6302,6237,6199,6264,6288,6280,6316,6276,6256,6220,6297,6203,6216,6289,6243,6231,6244,6320,6237,6259,6184,6177,6180,6146,6136,6193,6171,6067,6072,6081,6079,6108,6065,6105,6092,6054,6013,6113,6060,6061,6019,6051,6050,6051,6002,6009,6026,6027,5985,6064,5995,5989,6053,5960,6024,6037,5957,6017,6013,5979,5955,5889,5944,5958,5871,5825,5915,5844,5858,5866,5893,5900,5825,5889,5824,5804,5912,5805,5826,5866,5825,5731,5832,5796,5857,5801,5853,5752,5772,5780,5713,5699,5799,5747,5697,5721,5687,5681,5737,5660,5693,5670,5741,5674,5664,5666,5618,5675,5680,5779,5668,5583,5652,5691,5655,5713,5622,5638,5631,5557,5555,5555,5600,5639,5496,5541,5541,5490,5531,5531,5491,5586,5573,5510,5577,5496,5491,5536,5514,5475,5504,5468,5510,5466,5507,5467,5446,5571,5457,5455,5437,5406,5473,5337,5355,5291,5484,5460,5423,5364,5387,5399,5387,5364,5331,5410,5343,5440,5384,5415,5364,5378,5313,5344,5405,5304,5317,5323,5308,5311,5267,5246,5268,5228,5260,5233,5298,5257,5210,5252,5205,5196,5183,5204,5133,5211,5227,5183,5149,5203,5194,5159,5195,5095,5120,5158,5157,5140,5135,5160,5085,5077,5086,5095,5091,5025,5077,5038,5010,5041,5012,5050,5037,5069,5013,5081,5021,4997,5015,4998,4973,5045,5002,5001,4974,4959,4966,5033,4915,4966,4999,4920,4957,4886,4887,4932,4901,4909,4870,4866,4890,4888,4889,4854,4895,4854,4869,4878,4845,4867,4881,4853,4860,4819,4841,4876,4822,4831,4766,4792,4843,4842,4867,4812,4795,4826,4809,4773,4795,4792,4762,4767,4783,4744,4787,4817,4692,4770,4736,4765,4765,4760,4730,4728,4704,4784,4776,4773,4784,4753,4720,4689,4712,4754,4700,4772,4697,4738,4691,4669,4656,4653,4645,4639,4655,4635,4652,4648,4656,4585,4659,4667,4661,4663,4614,4644,4607,4628,4704,4600,4615,4630,4626,4638,4640,4547,4601,4613,4537,4563,4517,4572,4546,4499,4557,4534,4410,4486,4540,4562,4531,4436,4496,4502,4483,4525,4550,4491,4446,4475,4462,4398,4464,4458,4436,4420,4475,4400,4395,4429,4419,4441,4388,4400,4410,4401,4343,4357,4384,4310,4303,4315,4354,4347,4343,4314,4333,4332,4416,4371,4336,4320,4335,4375,4335,4347,4294,4278,4268,4284,4287,4352,4251,4307,4300,4256,4292,4315,4256,4269,4207,4215,4224,4221,4220,4206,4208,4262,4208,4256,4255,4243,4262,4211,4221,4254,4214,4253,4216,4230,4205,4193,4157,4225,4218,4203,4154,4215,4130,4164,4126,4125,4132,4162,4164,4112,4123,4121,4097,4192,4107,4115,4180,4113,4077,4135,4143,4129,4067,4148,4068,4091,4098,4109,4128,4108,4158,4121,4130,4091,4082,4100,4080,4044,4048,4065,4019,4038,4032,4004,3969,4044,4011,3981,4020,4014,3928,4027,3964,3964,3936,3954,3991,3969,3941,3961,3954,3965,3982,3935,3956,3914,3964,3943,3998,3946,3941,3936,3917,3897,3907,3949,3951,3891,3936,3913,3913,3878,3900,3876,3894,3872,3874,3841,3794,3852,3824,3816,3808,3823,3821,3836,3830,3813,3792,3860,3776,3819,3816,3827,3785,3805,3806,3782,3885,3743,3792,3786,3768,3830,3761,3745,3744,3755,3784,3762,3774,3755,3719,3743,3736,3744,3709,3666,3712,3657,3668,3698,3660,3709,3707,3668,3665,3619,3664,3682,3682,3682,3634,3649,3693,3652,3695,3739,3753,3685,3704,3753,3706,3684,3672,3650,3712,3687,3645,3636,3595,3649,3662,3631,3589,3641,3624,3608,3548,3636,3583,3595,3584,3575,3578,3550,3584,3575,3590,3575,3610,3600,3570,3593,3594,3543,3586,3602,3568,3569,3548,3588,3524,3600,3593,3570,3614,3538,3596,3518,3534,3521,3549,3494,3513,3551,3528,3544,3550,3516,3532,3466,3473,3458,3448,3484,3446,3506,3452,3451,3439,3424,3405,3440,3423,3431,3448,3442,3437,3424,3436,3448,3447,3442,3427,3437,3438,3452,3428,3426,3440,3416,3413,3397,3383,3384,3389,3374,3412,3333,3372,3355,3396,3353,3333,3373,3316,3306,3322,3288,3327,3280,3271,3314,3315,3283,3321,3271,3294,3292,3332,3322,3328,3294,3305,3284,3329,3251,3295,3303,3257,3275,3289,3246,3267,3277,3266,3278,3254,3246,3230,3225,3268,3237,3253,3197,3240,3221,3247,3214,3248,3186,3219,3206,3207,3174,3202,3182,3141,3203,3202,3181,3163,3183,3219,3211,3161,3190,3179,3111,3132,3164,3161,3208,3188,3119,3206,3221,3169,3147,3223,3147,3169,3156,3171,3141,3197,3206,3155,3143,3187,3131,3221,3152,3170,3157,3147,3152,3136,3198,3166,3178,3110,3100,3155,3150,3117,3154,3125,3087,3089,3108,3121,3116,3154,3062,3066,3103,3074,3068,3079,3116,3089,3081,3074,3105,3102,3056,3098,3081,3033,3077,3049,3050,3088,3081,3068,3090,3058,3062,3075,3050,3066,3082,3070,3087,3051,3025,3105,3022,3076,3053,3040,2999,3030,2980,3034,3031,2989,3054,2996,2983,3014,2980,2970,3015,3000,3000,2954,2978,2987,2963,2961,2950,2938
17253,17183,17149,17042,16810,17018,17108,17167,17254,17007,17195,17001,16895,16834,16749,16717,16592,16602,16511,16515,16506,16537,16504,16465,16411,16577,16449,16479,16564,16448,16321,16288,16281,16372,16190,16092,16039,16034,15934,15955,15848,15902,15987,16018,15900,15979,15936,15891,15880,15985,15876,15997,16246,16192,16119,15986,16077,15995,15824,15843,15913,16087,15973,16044,15997,15990,15843,15944,15910,15899,15865,15779,15826,15809,15884,15664,15710,15696,15692,15586,15559,15548,15744,15609,15641,15573,15663,15707,15734,15548,15601,15610,15737,15616,15564,15691,15471,15579,15579,15644,15656,15456,15500,15520,15685,15679,15575,15707,15717,15652,15713,15692,15651,15840,15753,15752,15709,15766,15786,15684,15714,15718,15789,15802,15627,15731,15750,15770,15675,15663,15775,15722,15678,15708,15721,15806,15496,15606,15748,15774,15807,15850,15699,15745,15678,15679,15634,15655,15674,15736,15699,15728,15689,15610,15703,15667,15791,15660,15840,15847,15822,15986,15909,15909,15883,15969,15985,15889,15859,15919,15838,15909,15883,15980,15735,15806,15943,15938,15887,15949,16011,15945,15970,15911,15868,15993,15979,15968,16033,15975,15888,15917,15915,15898,15912,15860,15882,15943,15887,15907,15928,16091,15788,15992,15939,15979,16034,15947,16044,15955,16088,15923,15876,16015,15991,15984,15981,15917,15860,16004,16081,15959,16020,16040,15969,15969,15914,16037,15896,15978,15947,15944,16052,15918,16036,15939,15987,15943,16029,15961,15945,15941,16036,15867,15895,15987,16026,15913,15820,15848,15855,15973,15863,15800,15907,15904,15830,15751,16018,15800,15763,15872,15851,15756,15745,15715,15575,15673,15618,15669,15712,15725,15639,15485,15449,15569,15512,15374,15364,15459,15381,15469,15331,15331,15338,15202,15306,15431,15375,15424,15375,15535,15244,15332,15281,15295,15369,15199,15257,15204,15316,15345,15285,15396,15157,15228,15101,15170,15238,15266,15235,15210,15152,15276,15152,15169,15137,15186,15184,15227,15142,15282,15107,15065,15115,15186,15214,15030,14983,15015,15219,15032,14937,15109,15083,15124,15093,15088,14943,15053,15066,15109,14995,14940,15023,14971,15054,15072,15117,15023,14949,14950,15131,15057,15141,14934,15002,14963,15037,14968,15015,15008,14938,15014,15023,14993,15034,15020,14869,15027,15058,15056,14964,14954,15101,14977,15185,15014,14873,14989,14914,15023,14931,15066,14987,14939,15008,14980,14991,14952,14916,14873,14967,14894,14858,14794,14916,14873,14768,14841,14822,14707,14797,14898,14749,14808,14892,14809,14816,14774,14871,14785,14710,14730,14744,14702,14623,14662,14788,14711,14729,14770,14625,14602,14680,14627,14739,14758,14669,14771,14698,14679,14585,14731,14600,14660,14712,14653,14650,14667,14886,14825,14577,14823,14590,14822,14682,14626,14730,14772,14713,14592,14627,14761,14743,14646,14684,14658,14587,14669,14656,14669,14599,14707,14588,14706,14656,14549,14624,14519,14662,14542,14665,14586,14582,14647,14646,14489,14586,14485,14572,14486,14538,14739,14481,14490,14507,14486,14415,14493,14521,14475,14399,14557,14503,14523,14347,14426,14500,14274,14475,14458,14477,14450,14353,14522,14339,14348,14387,14428,14385,14458,14463,14371,14449,14479,14404,14296,14436,14380,14514,14373,14375,14367,14307,14384,14417,14316,14288,14327,14406,14506,14406,14236,14313,14286,14389,14359,14430,14305,14238,14395,14331,14300,14337,14310,14381,14579,14358,14348,14399,14309,14413,14251,14296,14249,14386,14292,14227,14389,14465,14273,14408,14222,14211,14297,14235,14118,14114,14106,14232,14192,14289,14140,14138,14297,14168,14245,14252,14256,14135,14257,14218,14186,14139,14150,14119,14184,13987,14042,14064,14003,14030,14118,14016,13970,14024,14106,14116,14010,14030,13988,13949,13807,13911,13910,13919,13907,13869,13952,13910,13978,13887,13869,13878,13826,13952,13958,13951,13925,13878,13827,13890,13878,13874,13861,13828,13865,13823,13770,13892,13803,13764,13711,13777,13754,13825,13878,13759,13865,13853,13715,13897,13762,13826,13742,13677,13705,13589,13642,13740,13687,13736,13840,13628,13629,13751,13694,13697,13712,13690,13694,13657,13624,13718,13708,13677,13603,13472,13679,13569,13539,13527,13525,13553,13532,13487,13481,13486,13345,13436,13316,13440,13493,13403,13422,13371,13445,13452,13378,13322,13507,13355,13377,13429,13285,13362,13378,13295,13286,13451,13358,13261,13422,13326,13299,13218,13329,13289,13284,13262,13266,13169,13298,13233,13288,13294,13228,13254,13294,13187,13226,13288,13422,13223,13294,13328,13366,13415,13402,13357,13221,13285,13317,13258,13193,13192,13163,13224,13176,13053,13181,13191,13175,13233,13146,13190,13187,13129,13125,13200,13237,13098,13132,13159,13157,13174,13123,13015,13152,13074,13100,12997,13090,12964,13032,12928,13009,13026,13041,13076,12943,13069,13069,12967,13045,12903,13038,13077,12989,12898,12931,13001,12898,12963,12913,12900,12944,12844,12861,12868,12791,12815,12756,12768,12852,12918,12983,12907,12803,12872,12749,12742,12811,12811,12779,12842,12770,12875,12870,12742,12785,12733,12732,12747,12746,12777,12711,12709,12678,12733,12728,12734,12669,12659,12686,12685,12598,12665,12622,12641,12736,12676,12693,12656,12779,12681,12703,12574,12598,12700,12835,12783,12718,12690,12761,12597,12635,12540,12620,12672,12666,12606,12584,12513,12448,12477,12437,12508,12367,12290,12481,12511,12372,12385,12471,12406,12353,12478,12370,12342,12511,12386,12404,12432,12444,12353,12320,12323,12460,12460,12403,12387,12406,12303,12349,12403,12314,12391,12281,12270,12313,12296,12301,12309,12224,12323,12425,12243,12358,12176,12239,12234,12209,12238,12110,12203,12244,12221,12319,12274,12239,12266,12220,12257,12245,12382,12396,12233,12194,12314,12228,12319,12336,12117,12321,12368,12388,12278,12308,12281,12367,12267,12255,12220,12264,12283,12266,12237,12323,12229,12361,12315,12196,12389,12311,12338,12207,12248,12301,12432,12322,12253,12355,12286,12350,12192,12301,12393,12355,12378,12304,12327,12456,12314,12372,12343,12323,12391,12367,12325,12188,12248,12420,12304,12221,12265,12331,12311,12240,12265,12300,12267,12169,12143,12137,12228,12162,12254,12257,12221,12179,12152,12138,12200,12171,12200,12210,12156,12052,12053,12047,12126,12101,12029,11945,12061,12011,11961,12069,11920,11975,12101,12134,12059,12090,11996,11993,11999,11952,12060,11962,12070,11966,11989,11861,11967,11767,11906,11807,11878,11933,11834,11902,11807,11742,11819,11761,11852,11758,11836,11817,11796,11737,11795,11759,11694,11744,11774,11898,11764,11696,11752,11703,11744,11681,11620,11786,11588,11664,11685,11744,11660,11603,11592,11646,11609,11695,11538,11662,11644,11579,11570,11598,11488,11626,11445,11472,11500,11435,11527,11479,11400,11447,11483,11416,11372,11359,11405,11411,11326,11316,11380,11258,11396,11334,11227,11349,11203,11333,11283,11206,11309,11173,11397,11278,11292,11138,11368,11286,11214,11209,11303,11211,11183,11185,11104,11178,11198,11184,11213,11128,11171,11124,11110,11104,11088,11143,11151,11164,11185,11154,11222,11112,11184,11169,11056,11124,11183,11188,11063,11080,11031,11108,11099,10997,11075,11120,11109,10962,10994,11016,11088,11123,11115,11149,11050,11089,11129,11108,11264,11117,11192,11093,11267,11123,11075,11206,11310,11212,11118,11229,11150,11122,11083,11059,11073,11079,11104,11102,11172,11130,11075,11130,11070,11093,11054,11073,11004,11109,10992,10860,10968,10875,10948,11012,10883,10919,10935,10751,10875,10792,10765,10747,10684,10773,10754,10666,10663,10639,10661,10576,10707,10548,10545,10654,10663,10709,10544,10508,10548,10611,10490,10556,10606,10482,10566,10610,10547,10488,10422,10460,10478,10520,10466,10415,10543,10436,10441,10480,10488,10574,10512,10406,10469,10503,10483,10477,10480,10459,10430,10426,10351,10473,10420,10426,10415,10467,10434,10318,10316,10294,10276,10384,10351,10454,10352,10314,10322,10287,10268,10409,10371,10314,10260,10206,10247,10245,10337,10273,10308,10245,10360,10252,10249,10240,10267,10220,10114,10239,10269,10215,10247,10153,10182,10085,10163,10189,10063,10131,10135,10174,10254,10193,10134,10183,10140,10206,10165,10122,10171,10148,10075,10101,10132,10141,10066,10147,10039,10083,9973,10052,9995,10039,10081,10037,10011,9940,10074,10002,9938,9984,10032,9995,10009,10080,10098,10045,10060,9952,9997,10008,10019,10077,10036,9991,9918,9965,9902,9923,9963,9923,9861,9897,9967,9892,9871,9820,9717,9745,9752,9752,9828,9892,9788,9774,9733,9745,9693,9761,9807,9866,9782,9772,9862,9692,9780,9737,9703,9715,9686,9612,9702,9683,9720,9724,9677,9704,9681,9679,9714,9904,9671,9757,9719,9667,9780,9750,9778,9788,9660,9751,9790,9716,9811,9629,9689,9608,9503,9560,9437,9521,9550,9592,9584,9467,9411,9410,9507,9408,9524,9463,9425,9437,9424,9384,9293,9386,9349,9380,9220,9403,9354,9384,9404,9403,9318,9436,9318,9329,9258,9298,9204,9287,9234,9284,9276,9193,9145,9152,9053,9138,9034,9103,9115,9203,9110,9119,9102,9250,9110,9131,9144,9186,9146,9093,9172,9037,9013,9030,9057,9076,9037,8979,9003,8987,8965,8982,8898,9078,9005,8903,8936,8841,8819,8896,8794,8919,8809,8831,8913,8864,8851,8729,8768,8727,8847,8799,8791,8834,8798,8788,8743,8730,8670,8698,8783,8697,8667,8610,8703,8659,8702,8666,8531,8605,8690,8579,8602,8518,8575,8602,8502,8489,8548,8446,8460,8515,8544,8563,8514,8494,8520,8486,8461,8459,8563,8550,8466,8381,8572,8518,8400,8444,8305,8447,8430,8468,8469,8325,8402,8380,8367,8333,8379,8275,8360,8401,8256,8428,8297,8280,8353,8348,8319,8463,8345,8312,8340,8268,8384,8338,8427,8296,8377,8330,8332,8320,8294,8292,8428,8336,8278,8256,8169,8189,8194,8170,8189,8232,8185,8206,8195,8242,8156,8265,8207,8190,8188,8104,8164,8209,8250,8198,8286,8255,8192,8229,8219,8248,8189,8265,8158,8251,8146,8165,8184,8066,8067,8024,8073,8019,8067,8022,8056,8022,8038,8012,7997,8065,7985,8071,7991,7890,7985,7966,8087,8000,7895,8047,7974,8022,7945,7940,8003,7938,7907,7929,7858,8050,7897,7904,7858,7920,7934,7874,7796,7816,7875,7767,7797,7853,7676,7704,7694,7691,7721,7722,7717,7788,7663,7703,7729,7660,7699,7668,7635,7753,7682,7697,7737,7695,7692,7700,7651,7713,7656,7700,7664,7685,7619,10175,7603,7618,7534,7580,7577,7539,7455,7613,7460,7493,7464,7415,7488,7437,7545,7504,7451,7506,7522,7419,7479,7418,7533,7483,7400,7552,7506,7444,7478,7488,7493,7526,7567,7532,7525,7529,7528,7496,7489,7419,7470,7403,7442,7457,7370,7438,7339,7441,7371,7390,7352,7465,7283,7264,7310,7332,7286,7293,7283,7289,7313,7302,7247,7263,7325,7265,7322,7332,7275,7374,7318,7318,7264,7237,7331,7303,7419,7376,7319,7283,7347,7368,7316,7315,7271,7253,7232,7191,7210,7181,7249,7167,7131,7162,7142,7171,7153,7113,7090,7108,7082,7070,7029,6989,6963,6960,6998,6988,7031,7005,6993,7060,7044,7008,7038,7075,7021,6919,7081,6994,6990,6963,6943,6998,6973,6961,6945,7023,6941,6956,6889,6844,6838,6786,6704,6765,6784,6760,6856,6732,6795,6779,6671,6711,6708,6709,6658,6656,6739,6723,6738,6651,6784,6710,6812,6700,6723,6723,6708,6745,6734,6706,6702,6712,6705,6688,6716,6738,6676,6658,6654,6669,6646,6631,6665,6728,6621,6650,6579,6601,6602,6545,6531,6590,6527,6569,6618,6580,6511,6496,6523,6532,6477,6525,6511,6436,6449,6510,6471,6465,6459,6463,6412,6449,6433,6396,6440,6560,6536,6423,6555,6515,6508,6518,6517,6489,6528,6598,6514,6563,6508,6525,6502,6455,6466,6482,6473,6551,6416,6505,6403,6375,6424,6391,6395,6357,6389,6362,6404,6429,6342,6320,6372,6323,6342,6210,6328,6258,6273,6298,6287,6273,6280,6211,6276,6267,6285,6276,6252,6272,6201,6272,6375,6241,6266,6331,6271,6309,6276,6282,6279,6348,6287,6311,6291,6225,6275,6227,6248,6242,6193,6259,6244,6202,6229,6190,6144,6142,6156,6136,6121,6142,6117,6137,6052,6066,6015,6029,6032,6021,5998,5976,6061,5913,6003,5966,5985,5981
9999,9992,10026,9962,9998,9952,10000,9995,9998,9978,9931,9912,9928,9926,9970,10027,9952,9927,9860,9933,9927,9900,9968,9852,9881,9990,9978,9903,9785,9807,9836,9837,9846,9920,9734,9765,9770,9779,9770,9815,9700,9650,9769,9699,9757,9774,9805,9707,9768,9727,9748,9736,9672,9772,9591,9711,9722,9700,9672,9695,9605,9700,9716,9672,9642,9608,9647,9590,9658,9529,9575,9548,9636,9605,9634,9546,9582,9549,9527,9528,9518,9481,9580,9516,9483,9400,9469,9508,9496,9536,9408,9463,9335,9338,9405,9358,9382,9397,9368,9309,9371,9403,9286,9305,9285,9336,9200,9298,9469,9272,9363,9319,9236,9249,9202,9236,9181,9314,9211,9207,9117,9141,9215,9183,9117,9153,9083,9087,9174,9079,9105,9043,9074,9099,9046,9060,9066,8978,8979,9057,9078,9021,9038,8949,8959,9027,8889,8930,8988,8905,8979,8936,8921,8747,8902,8863,8926,8859,8885,8851,8936,8855,8883,8894,8835,8835,8843,8772,8815,8887,8700,8810,8788,8830,8791,8766,8767,8785,8693,8672,8759,8698,8688,8679,8678,8733,8631,8628,8716,8723,8605,8588,8556,8597,8621,8517,8587,8564,8511,8661,8564,8673,8531,8564,8524,8511,8610,8484,8429,8566,8464,8541,8530,8422,8416,8359,8464,8514,8452,8425,8403,8441,8480,8400,8384,8463,8443,8385,8358,8303,8382,8388,8410,8356,8325,8308,8256,8290,8225,8332,8234,8247,8264,8245,8312,8201,8145,8200,8149,8188,8254,8245,8208,8176,8063,8146,8084,8108,8065,8058,8066,8053,8082,8062,7968,8036,8064,7958,7977,7982,7966,7963,8041,8000,7940,7944,7947,7877,7907,7906,7996,7890,7908,7824,7925,7882,7893,7898,7873,7832,7826,7878,7773,7834,7792,7772,7737,7794,7772,7753,7820,7749,7740,7784,7787,7646,7702,7790,7769,7715,7695,7700,7637,7653,7621,7555,7668,7659,7591,7577,7553,7491,7641,7551,7584,7632,7529,7549,7515,7459,7384,7459,7483,7440,7480,7456,7400,7343,7476,7305,7344,7393,7407,7439,7396,7432,7413,7365,7301,7415,7281,7272,7397,7302,7287,7287,7283,7282,7274,7232,7268,7255,7262,7257,7178,7207,7197,7182,7249,7203,7249,7115,7190,7188,7204,7184,7143,7171,7135,7132,7172,7117,7121,7192,7104,7081,7055,7048,7043,7052,7054,7042,7001,7010,7050,7002,7073,7061,7026,7029,7051,6968,6986,7001,6999,6954,7039,6990,7043,6920,6964,6980,6942,6886,6889,6894,6915,6860,6875,6901,6945,6827,7007,6873,6932,6885,6804,6865,6880,6897,6978,6788,6879,6881,6855,6917,6813,6794,6786,6852,6852,6864,6785,6912,6849,6720,6800,6763,6754,6837,6779,6722,6718,6787,6749,6692,6701,6620,6711,6686,6608,6643,6752,6632,6711,6711,6682,6672,6636,6655,6635,6703,6601,6619,6581,6553,6500,6550,6638,6607,6577,6540,6519,6549,6558,6481,6579,6576,6527,6476,6494,6483,6441,6477,6441,6419,6528,6490,6494,6423,6436,6412,6423,6459,6359,6398,6434,6413,6383,6336,6403,6340,6331,6409,6352,6324,6341,6292,6277,6289,6209,6344,6235,6252,6299,6211,6254,6200,6220,6214,6202,6201,6240,6293,6129,6187,6178,6064,6167,6132,6098,6132,6129,6122,6084,6078,6028,6049,6019,6117,5991,6084,6056,6073,6015,6051,5989,6019,6014,5971,5941,6000,6056,5966,5917,5966,5946,5925,5975,5875,5834,5928,5905,5880,5900,5894,5893,5849,5815,5899,5775,5752,5883,5888,5803,5787,5755,5767,5792,5800,5805,5702,5737,5722,5709,5750,5709,5757,5735,5767,5700,5758,5627,5693,5631,5720,5742,5708,5704,5724,5717,5651,5644,5619,5615,5708,5587,5618,5651,5657,5636,5575,5627,5594,5616,5615,5616,5559,5519,5621,5534,5623,5638,5560,5466,5567,5512,5525,5521,5471,5480,5446,5480,5509,5512,5519,5490,5435,5445,5374,5430,5434,5453,5424,5418,5392,5413,5401,5402,5370,5413,5402,5366,5346,5338,5408,5399,5387,5353,5348,5296,5397,5362,5362,5371,5319,5275,5322,5335,5279,5255,5313,5320,5252,5260,5298,5252,5253,5200,5267,5216,5271,5241,5192,5250,5204,5173,5181,5228,5258,5224,5169,5186,5160,5218,5236,5217,5151,5158,5159,5140,5211,5069,5131,5198,5163,5113,5205,5103,5124,5119,5127,5118,5144,5120,5144,5039,5100,5112,5039,5081,5062,5128,5105,5054,5015,5053,5051,5034,5015,5079,5036,4984,5052,5089,5039,4982,5020,4979,4983,4943,5013,5003,5025,4971,4989,4958,4903,4946,4931,4986,4932,4915,4901,4946,4908,4883,4935,4937,4876,4881,4892,4898,4908,4924,4823,4894,4883,4863,4871,4796,4867,4819,4803,4847,4886,4792,4807,4821,4761,4788,4839,4747,4767,4730,4792,4814,4761,4792,4804,4676,4714,4709,4719,4731,4747,4697,4742,4779,4674,4732,4714,4741,4709,4709,4731,4669,4730,4695,4709,4707,4702,4652,4663,4592,4646,4674,4672,4623,4692,4593,4642,4630,4689,4700,4650,4637,4583,4600,4595,4533,4612,4596,4584,4666,4604,4551,4564,4602,4597,4563,4576,4559,4512,4543,4522,4538,4503,4555,4496,4507,4455,4542,4498,4514,4484,4470,4539,4451,4498,4443,4484,4458,4430,4450,4411,4506,4470,4408,4408,4394,4433,4367,4404,4425,4422,4360,4454,4415,4422,4394,4401,4407,4385,4354,4330,4406,4338,4362,4392,4359,4350,4336,4310,4311,4338,4305,4355,4328,4320,4331,4275,4245,4332,4236,4283,4297,4259,4251,4286,4298,4278,4204,4218,4276,4225,4296,4226,4236,4200,4255,4211,4224,4217,4215,4164,4218,4200,4220,4190,4232,4194,4183,4187,4154,4218,4139,4184,4133,4133,4195,4160,4211,4172,4137,4128,4167,4127,4167,4168,4156,4186,4143,4081,4138,4151,4128,4145,4107,4141,4067,4110,4103,4118,4088,4103,4138,4085,4107,4098,4087,4044,4060,4110,4052,4060,4036,4028,4043,4026,3985,4069,4065,4044,4025,4018,3976,4021,4061,3977,4024,4045,4015,3970,3985,3990,3940,3976,3989,4007,3927,3975,3985,3959,3948,4030,3889,3928,3981,4004,3946,3937,3998,3882,3871,3918,3897,3929,3935,3845,3959,3884,3923,3854,3875,3880,3907,3891,3905,3916,3861,3855,3907,3886,3826,3857,3866,3822,3844,3891,3878,3855,3827,3848,3832,3863,3811,3802,3860,3793,3820,3798,3850,3828,3770,3765,3815,3802,3738,3805,3786,3787,3782,3707,3783,3777,3783,3786,3783,3701,3752,3752,3701,3755,3740,3689,3748,3744,3718,3682,3687,3748,3759,3664,3650,3700,3682,3699,3716,3662,3679,3678,3679,3628,3690,3665,3666,3666,3648,3645,3606,3601,3656,3651,3613,3627,3614,3625,3563,3578,3540,3602,3574,3617,3566,3592,3599,3598,3571,3611,3557,3563,3594,3587,3556,3580,3588,3550,3572,3581,3529,3517,3545,3489,3560,3536,3516,3560,3516,3509,3518,3525,3552,3492,3550,3494,3545,3478,3515,3507,3452,3470,3493,3477,3475,3497,3461,3486,3497,3503,3455,3476,3466,3383,3434,3425,3432,3438,3479,3434,3383,3437,3400,3442,3452,3435,3423,3424,3394,3424,3452,3402,3444,3407,3432,3411,3438,3422,3350,3404,3459,3387,3363,3373,3362,3421,3348,3382,3359,3343,3321,3381,3335,3364,3367,3353,3338,3324,3321,3365,3316,3299,3333,3309,3334,3281,3333,3324,3315,3297,3266,3305,3287,3293,3276,3283,3309,3225,3291,3273,3253,3269,3291,3272,3301,3308,3266,3311,3274,3246,3291,3290,3325,3279,3247,3242,3256,3285,3264,3263,3213,3252,3215,3230,3241,3244,3222,3192,3229,3264,3215,3214,3200,3177,3221,3192,3213,3220,3233,3211,3185,3210,3194,3151,3185,3202,3226,3175,3198,3191,3163,3141,3154,3202,3204,3165,3161,3184,3158,3134,3132,3184,3139,3138,3174,3164,3180,3133,3173,3131,3144,3123,3187,3118,3127,3151,3135,3148,3148,3151,3138,3105,3128,3120,3123,3111,3114,3107,3105,3086,3144,3053,3072,3106,3101,3062,3062,3068,3065,3113,3069,3084,3075,3078,3051,3065,3054,3060,3089,3045,3044,3063,3023,3062,3007,3072,3001,3051,3000,3067,3049,3003,2989,3066,3010,3012,3019,3032,3006,2992,2998,2989,3035,3006,3026,3003,3007,3017,2986,2960,2979,2965,2934,3019,2977,2986,2965,2980,2962,2975,2970,2938,2975,2933,2973,2969,2946,2919,2992,2969,2968,2961,2951,2950,2976,2920,2966,2927,2950,2949,2956,2934,2913,2956,2922,2899,2961,2944,2910,2910,2927,2944,2947,2920,2934,2904,2893,2909,2892,2950,2899,2916,2929,2944,2905,2888,2871,2881,2939,2886,2887,2935,2946,2894,2904,2889,2885,2896,2883,2878,2871,2870,2883,2867,2865,2871,2848,2883,2867,2853,2873,2876,2864,2881,2850,2852,2870,2841,2841,2835,2855,2872,2909,2845,2820,2842,2837,2831,2823,2867,2840,2814,2809,2826,2835,2807,2819,2810,2843,2812,2843,2799,2809,2804,2780,2779,2834,2820,2799,2803,2770,2819,2793,2815,2802,2759,2775,2768,2760,2809,2799,2755,2746,2765,2773,2753,2733,2740,2777,2751,2708,2726,2771,2769,2735,2732,2747,2742,2712,2737,2728,2723,2736,2737,2743,2767,2786,2754,2726,2747,2745,2719,2715,2773,2722,2763,2696,2702,2727,2711,2722,2709,2732,2683,2696,2661,2709,2718,2739,2712,2723,2680,2704,2702,2711,2714,2685,2688,2710,2684,2706,2684,2664,2703,2679,2685,2668,2705,2672,2667,2670,2673,2642,2677,2647,2660,2682,2677,2657,2661,2641,2681,2623,2670,2644,2653,2687,2678,2676,2690,2654,2670,2659,2645,2653,2644,2694,2615,2666,2666,2633,2651,2671,2636,2644,2617,2621,2616,2625,2632,2590,2640,2616,2594,2612,2604,2585,2598,2590,2582,2613,2612,2600,2597,2572,2576,2598,2572,2577,2599,2588,2598,2569,2620,2571,2608,2629,2588,2576,2572,2586,2557,2587,2594,2580,2576,2572,2582,2559,2558,2561,2560,2537,2546,2546,2574,2543,2570,2541,2538,2518,2544,2547,2484,2538,2530,2543,2590,2535,2536,2509,2502,2539,2555,2555,2520,2521,2528,2541,2525,2509,2542,2492,2521,2495,2519,2523,2487,2486,2538,2498,2494,2484,2518,2484,2498,2475,2510,2467,2494,2508,2502,2478,2513,2491,2471,2451,2501,2497,2499,2491,2443,2492,2479,2507,2513,2491,2467,2486,2462,2444,2489,2474,2529,2447,2456,2490,2455,2464,2498,2446,2472,2458,2462,2452,2456,2460,2446,2436,2436,2476,2454,2464,2435,2443,2467,2451,2427,2447,2452,2437,2410,2475,2443,2439,2455,2455,2448,2480,2444,2420,2432,2449,2421,2446,2465,2420,2412,2457,2455,2397,2394,2468,2425,2408,2419,2429,2405,2383,2411,2387,2402,2377,2395,2385,2396,2403,2399,2373,2410,2397,2394,2401,2387,2394,2377,2410,2395,2397,2402,2406,2375,2369,2378,2371,2388,2367,2364,2371,2362,2360,2380,2354,2348,2355,2336,2363,2343,2342,2299,2368,2359,2347,2351,2340,2360,2338,2329,2327,2350,2322,2329,2342,2346,2349,2326,2330,2331,2331,2356,2346,2321,2333,2314,2337,2327,2311,2318,2315,2348,2331,2363,2333,2353,2317,2336,2331,2364,2317,2346,2308,2303,2297,2319,2289,2308,2319,2323,2327,2323,2301,2318,2299,2309,2329,2323,2306,2294,2315,2315,2321,2302,2277,2324,2285,2317,2289,2316,2343,2308,2319,2297,2290,2287,2291,2325,2293,2295,2305,2304,2288,2296,2312,2319,2314,2310,2293,2313,2294,2313,2306,2301,2277,2319,2281,2265,2292,2287,2307,2280,2279,2279,2273,2271,2292,2275,2279,2244,2304,2305,2277,2299,2259,2237,2259,2301,2287,2258,2268,2258,2251,2256,2251,2279,2281,2289,2260,2256,2304,2266,2279,2263,2275,2290,2263,2271,2255,2283,2233,2276,2263,2254,2259,2244,2250,2255,2265,2262,2240,2224,2219,2278,2235,2242,2215,2273,2263,2235,2240,2233,2199,2220,2223,2203,2227,2227,2235,2228,2235,2218
11209,11163,10964,11157,11043,11048,11018,11009,11053,11000,10974,10956,10865,10718,10644,10490,10496,10468,10490,10454,10394,10412,10410,10351,10499,10403,10317,10419,10408,10341,10233,10202,10213,10149,10249,10046,10043,9828,9847,9882,9905,9969,9839,9910,9920,9720,9725,9867,9888,9977,9990,9936,10010,10000,9910,9922,9856,9813,9835,9777,9752,9834,9722,9879,9799,9857,9791,9793,9788,9803,9719,9671,9734,9644,9637,9669,9618,9591,9536,9642,9582,9560,9435,9563,9564,9617,9609,9647,9562,9556,9546,9570,9522,9564,9480,9505,9618,9553,9531,9588,9543,9541,9483,9570,9398,9443,9517,9531,9471,9598,9534,9508,9528,9580,9560,9562,9690,9592,9522,9531,9579,9584,9582,9546,9565,9616,9512,9459,9566,9510,9546,9592,9505,9467,9469,9434,9596,9529,9465,9437,9486,9459,9513,9613,9407,9509,9458,9468,9525,9522,9472,9510,9343,9517,9494,9450,9487,9454,9582,9557,9531,9542,9498,9516,9612,9572,9486,9544,9546,9535,9580,9596,9668,9507,9600,9454,9582,9557,9492,9652,9552,9544,9522,9602,9521,9627,9541,9465,9483,9614,9473,9537,9420,9550,9563,9546,9505,9465,9501,9501,9407,9481,9480,9419,9472,9466,9500,9532,9482,9535,9522,9484,9603,9487,9528,9525,9497,9515,9480,9381,9496,9461,9482,9486,9476,9550,9552,9492,9446,9572,9531,9528,9462,9522,9388,9480,9516,9467,9480,9370,9379,9390,9401,9354,9375,9417,9424,9393,9367,9432,9395,9357,9307,9366,9421,9390,9390,9292,9334,9341,9399,9222,9328,9306,9280,9187,9175,9204,8962,9095,9028,9043,8938,9001,8983,8978,8983,8907,8879,8905,8920,8898,8932,8882,8762,8768,8823,8832,8722,8741,8785,8773,8728,8732,8720,8732,8811,8666,8738,8715,8649,8688,8694,8641,8680,8623,8577,8655,8763,8615,8623,8601,8595,8635,8599,8575,8635,8645,8562,8531,8575,8605,8608,8549,8665,8615,8573,8505,8578,8592,8615,8540,8579,8548,8583,8426,8562,8602,8584,8446,8467,8450,8403,8572,8459,8560,8524,8526,8531,8497,8531,8515,9075,9893,8462,8561,8550,8682,8506,8538,8526,8467,8523,8445,8527,8442,8484,8561,8440,8459,8455,8380,8582,8478,8502,8511,8408,8488,8465,8463,8434,8388,8379,8427,8446,8360,8435,8478,8437,8348,8373,8442,8389,8391,8308,8409,8374,8403,8442,8334,8277,8295,8306,8259,8332,8316,8304,8327,8239,8283,8358,8229,8338,8290,8258,8207,8268,8240,8251,8252,8269,8261,8257,8259,8165,8285,8291,8254,8224,8192,8255,8257,8329,8292,8298,8278,8261,8258,8178,8140,8185,8272,8160,8264,8281,8250,8256,8142,8225,8219,8206,8165,8170,8283,8169,8181,8143,8253,8154,8153,8200,8179,8156,8161,8139,8137,8225,8189,8176,8164,8221,8104,8210,8116,8135,8070,8110,8011,8116,8125,8043,8079,8123,8121,8060,8079,8091,8092,7938,7976,8103,8041,8004,8052,7935,8017,8009,8022,7960,8002,8004,8101,8099,8038,8088,8023,7950,8093,8031,8077,8031,8108,8029,7944,8035,8097,8098,7987,8022,8037,7955,7985,7961,8032,7953,7950,7980,7987,7985,8018,8000,8011,7933,7960,7995,8025,7939,8047,7944,7984,7923,8013,7989,7992,7972,7926,7944,7895,7943,7929,7887,7913,7878,7939,7872,7870,7900,7855,7951,7871,7924,7930,7890,7910,7800,7850,7860,7766,7882,7849,7872,7861,7824,7799,7899,7807,7786,7776,7819,7763,7868,7722,7784,7767,7810,7742,7814,7696,7666,7691,7739,7608,7707,7752,7854,7735,7728,7630,7713,7744,7673,7634,7570,7640,7604,7631,7718,7743,7668,7582,7595,7731,7672,7619,7641,7569,7563,7638,7499,7626,7550,7624,7548,7526,7616,7589,7607,7551,7554,7570,7590,7651,7567,7564,7508,7564,7527,7645,7525,7535,7541,7516,7473,7488,7544,7470,7442,7498,7471,7455,7458,7426,7462,7531,7372,7467,7530,7529,7486,7516,7414,7471,7426,7444,7469,7389,7472,7441,7457,7488,7374,7332,7365,7341,7388,7354,7343,7345,7293,7308,7300,7375,7276,7267,7253,7351,7290,7352,7302,7352,7292,7351,7265,7307,7345,7278,7224,7206,7207,7286,7266,7233,7223,7283,7212,7270,7274,7274,7262,7264,7205,7184,7260,7277,7205,7224,7231,7223,7167,7231,7186,7172,7197,7248,7249,7227,7309,7313,7208,7165,7243,7223,7244,7234,7235,7124,7131,7077,7092,7153,7176,7188,7209,7266,7254,7076,7201,7195,7163,7220,7184,7221,7212,7180,7202,7192,7099,7207,7199,7102,7110,7243,7126,7184,7144,7091,7164,7116,7193,7156,7082,7069,7062,7082,6988,7169,7092,7122,7052,7067,7095,7040,7133,7062,7097,7081,6955,7047,7039,7079,7073,7021,7051,7067,7015,7047,7062,7093,7054,7048,7045,7055,7042,7008,7086,7027,6977,6977,6956,7024,6919,6962,7035,6942,7092,6984,7042,7034,6999,7068,6891,7031,6947,6982,6982,7019,6870,6988,6964,6908,7044,6931,6967,6943,7011,6947,7004,6889,6932,6924,6958,6910,6907,6979,6897,7013,6860,6993,6781,6923,6939,6885,6849,6870,6910,6873,6910,6864,6916,6866,6829,6883,6926,6846,6913,6906,6800,6857,6832,6860,6902,6767,6828,6833,6903,6861,6819,6841,6840,6824,6830,6715,6807,6796,6786,6815,6788,6824,6825,6729,6780,6792,6817,6738,6745,6814,6825,6766,6828,6753,6751,6765,6771,6802,6702,6762,6715,6726,6793,6773,6781,6747,6761,6810,6792,6842,6788,6747,6826,6717,6780,6781,6742,6769,6847,6827,6815,6681,6799,6767,6786,6792,6806,6784,6769,6811,6729,6820,6802,6769,6851,6774,6826,6764,6768,6754,6805,6791,6899,6836,6887,6949,6812,6852,6838,6790,6860,6871,6849,6775,6811,6773,6828,6783,6900,6818,6871,6856,6875,6799,6913,6894,6808,6893,6818,6906,6844,6838,6794,6759,6745,6835,6728,6867,6734,6770,6841,6724,6820,6788,6737,6729,6745,6735,6718,6697,6748,6714,6658,6665,6675,6727,6703,6683,6661,6655,6638,6672,6660,6581,6617,6671,6587,6608,6636,6555,6628,6573,6640,6611,6601,6630,6561,6652,6558,6542,6570,6502,6556,6539,6555,6528,6525,6532,6441,6481,6461,6481,6469,6414,6422,6469,6482,6514,6430,6472,6496,6451,6440,6495,6467,6490,6459,6460,6425,6457,6388,6393,6435,6386,6314,6408,6395,6367,6407,6425,6408,6321,6357,6383,6376,6344,6392,6384,6346,6362,6309,6351,6334,6265,6351,6294,6274,6272,6325,6271,6233,6266,6237,6287,6204,6248,6249,6257,6239,6222,6196,6217,6194,6149,6224,6246,6163,6246,6231,6261,6234,6191,6227,6119,6202,6240,6208,6194,6199,6185,6114,6123,6162,6184,6124,6197,6159,6154,6146,6129,6119,6077,6160,6103,6148,6126,6145,6107,6152,6198,6075,6136,6135,6141,6120,6206,6079,6091,6068,6114,6124,6105,6083,6133,6086,6073,6110,6063,6061,6137,6093,6064,6157,6171,6139,6095,6123,6090,6115,6129,6102,6111,6053,6071,6074,6090,6071,6118,6051,6078,6137,6003,6092,6119,6047,6130,6073,6059,6083,6089,6012,6160,6092,6009,6031,6063,6038,6116,6063,6015,6087,6023,6001,5979,5928,5955,5930,5957,5988,5984,5934,5947,5924,5948,5899,5916,5885,5872,5864,5890,5895,5849,5913,5921,5903,5777,5839,5898,5896,5862,5843,5891,5822,5834,5865,5887,5857,5790,5787,5853,5853,5790,5806,5870,5783,5768,5816,5867,5842,5893,5802,5861,5820,5848,5826,5827,5865,5819,5771,5775,5801,5732,5762,5763,5794,5760,5768,5765,5796,5787,5712,5676,5762,5662,5785,5781,5689,5741,5723,5774,5816,5740,5740,5817,5746,5717,5762,5686,5750,5753,5766,5761,5723,5691,5731,5672,5697,5755,5645,5670,5683,5718,5703,5679,5693,5701,5612,5725,5606,5723,5692,5647,5661,5664,5686,5673,5601,5649,5638,5675,5623,5689,5666,5616,5654,5630,5619,5648,5672,5587,5624,5534,5614,5598,5601,5593,5670,5630,5605,5679,5569,5640,5617,5663,5549,5630,5595,5584,5596,5542,5577,5594,5608,5568,5464,5601,5526,5572,5546,5508,5562,5478,5569,5441,5517,5497,5501,5481,5470,5542,5486,5511,5495,5507,5543,5451,5487,5500,5494,5484,5467,5468,5505,5495,5432,5475,5386,5445,5393,5449,5463,5366,5412,5518,5478,5380,5418,5456,5441,5421,5498,5401,5427,5380,5460,5475,5447,5430,5450,5449,5406,5444,5373,5314,5351,5426,5339,5389,5351,5322,5319,5302,5285,5326,5348,5349,5281,5299,5267,5329,5303,5302,5303,5402,5302,5301,5260,5338,5270,5337,5297,5301,5336,5259,5239,5270,5214,5280,5180,5269,5228,5221,5198,5135,5177,5142,5204,5251,5168,5205,5195,5214,5144,5194,5236,5257,5235,5178,5099,5226,5184,5183,5163,5178,5104,5059,5121,5155,5131,5056,5149,5087,5100,5155,5101,5012,5027,5077,5054,5101,5027,5023,5021,5098,4943,5015,5035,4993,5038,5086,5030,5042,5020,4990,4994,5040,4935,5014,5020,4948,5034,4928,4980,4967,4989,4944,4973,4914,4874,4903,4972,4933,4954,4891,4915,4916,4885,4902,4944,4943,4879,4975,4909,4893,4879,4963,4899,4909,4888,4857,4924,4972,4915,4890,4843,4857,4885,4935,4893,4868,4787,4871,4882,4806,4799,4783,4807,4826,4834,4797,4824,4841,4802,4827,4812,4842,4868,4793,4836,4788,4770,4867,4806,4850,4821,4830,4841,4897,4788,4768,4781,4806,4822,4778,4790,4773,4700,4790,4795,4725,4750,4721,4757,4812,4743,4709,4640,4727,4759,4759,4763,4691,4777,4710,4719,4725,4766,4704,4733,4735,4735,4757,4707,4760,4771,4689,4705,4707,4688,4683,4718,4725,4623,4651,4681,4646,4637,4636,4633,4640,4627,4662,4621,4620,4594,4651,4630,4664,4644,4600,4616,4641,4628,4621,4614,4560,4592,4640,4620,4599,4675,4585,4570,4610,4541,4589,4600,4574,4618,4548,4566,4590,4570,4579,4516,4516,4525,4480,4450,4503,4519,4484,4490,4514,4503,4520,4469,4483,4475,4494,4510,4516,4453,4505,4527,4491,4520,4528,4437,4485,4478,4410,4522,4412,4446,4360,4432,4428,4473,4423,4468,4478,4382,4374,4401,4407,4386,4408,4355,4406,4410,4415,4394,4366,4424,4388,4380,4390,4323,4368,4386,4361,4382,4370,4375,4418,4448,4389,4344,4422,4423,4406,4391,4397,4396,4369,4410,4420,4383,4394,4353,4331,4402,4346,4349,4331,4363,4352,4332,4316,4308,4291,4281,4388,4313,4297,4322,4293,4319,4278,4315,4354,4277,4277,4357,4296,4290,4247,4318,4307,4307,4315,4321,4353,4354,4286,4296,4268,4263,4258,4308,4262,4288,4300,4270,4282,4226,4245,4209,4241,4206,4272,4209,4182,4208,4226,4170,4195,4178,4179,4150,4171,4195,4166,4169,4199,4162,4209,4163,4175,4162,4159,4170,4173,4115,4187,4139,4138,4151,4099,4153,4134,4148,4123,4145,4194,4181,4153,4093,4035,4070,4070,4112,4120,4115,4038,4075,4060,4147,4094,4064,4075,4062,4049,4011,4075,4043,4033,4097,4059,4028,4013,4059,4050,4127,4052,4060,4047,4083,4062,4064,4033,4072,4078,4046,4090,3982,4125,4050,4002,4030,4055,4050,4000,4062,4032,4024,4012,4017,4035,3959,4041,4006,3963,3999,3944,3991,3997,3930,3937,3950,3998,3940,3948,3953,3929,3925,3910,3958,3949,3976,3961,3910,3945,4027,3943,3969,3997,4009,3992,4070,3997,3986,3992,4066,3988,3996,3938,3964,3976,4020,3952,3986,3989,3939,3961,3946,3962,3952,3937,3924,3897,3986,3847,3899,3844,3881,3918,3877,3899,3893,3900,3889,3853,3873,3892,3880,3859,3848,3880,3876,3905,3882,3890,3891,3871,3889,3865,3897,3893,3910,3906,3932,3879,3887,3929,3926,3942,3931,3897,3862,3923,3897,3865,3867,3944,3868,3891,3841,3888,3892,3822,3778,3830,3809,3779,3802,3834,3793,3771,3782,3793,3762,3821,3809,3750,3778,3798,3713,3769,3752,3746,3733,3793
10172,10246,10185,10272,10261,10191,10131,10170,10223,10123,10129,10133,10154,10022,10071,10079,10198,10135,10168,10140,10177,10088,10076,10102,10045,10122,10151,10097,10008,9955,9999,9991,9937,9942,9905,9939,9959,9977,9911,9969,9889,10020,9886,9853,9900,9979,9869,9928,9872,9931,9845,9897,9925,9872,9882,9875,9921,9930,9818,9910,9926,9892,9765,9863,9872,9929,9839,9863,9800,9873,9855,9871,9839,9690,9746,9731,9771,9744,9670,9668,9591,9616,9715,9634,9594,9512,9680,9558,9606,9575,9556,9616,9571,9551,9652,9549,9506,9506,9433,9563,9529,9500,9490,9503,9496,9524,9437,9424,9516,9498,9466,9552,9498,9386,9498,9531,9391,9449,9498,9285,9351,9447,9363,9308,9291,9370,9343,9354,9368,9247,9234,9238,9195,9251,9304,9291,9194,9193,9249,9242,9308,9202,9157,9150,9058,9052,9009,9112,9122,9138,9169,9041,9166,9075,9098,9099,9050,9134,9077,9027,8967,9114,9069,9049,9027,9025,8921,8991,8985,8972,8977,9002,8932,8911,8975,8995,8929,8921,8913,8929,8919,8825,8853,8887,8858,8907,8851,8801,8915,8849,8708,8864,8777,8765,8745,8660,8745,8752,8707,8715,8813,8738,8680,8661,8594,8632,8644,8678,8663,8686,8629,8692,8709,8605,8679,8514,8577,8711,8708,8506,8632,8526,8601,8623,8573,8502,8618,8601,8622,8514,8567,8576,8535,8439,8620,8488,8526,8449,8465,8483,8372,8402,8471,8461,8399,8476,8411,8496,8216,8367,8353,8342,8311,8392,8298,8295,8312,8328,8263,8288,8232,8208,8340,8242,8166,8183,8220,8195,8174,8086,8151,8119,8163,8130,8091,8084,8115,8125,8039,8081,8109,8060,8045,8100,8082,8131,8049,7995,7983,8012,7997,7965,8041,8010,7988,7960,7997,7933,7931,7917,7957,7882,8041,7905,7878,7826,7871,7971,7875,7948,7782,7852,7834,7756,7815,7779,7865,7809,7863,7762,7759,7766,7665,7725,7733,7765,7740,7667,7631,7636,7708,7621,7733,7659,7599,7616,7673,7629,7492,7583,7481,7606,7520,7584,7583,7476,7528,7561,7496,7453,7483,7496,7418,7483,7421,7386,7387,7468,7370,7304,7470,7407,7358,7397,7449,7400,7357,7432,7444,7454,7409,7361,7346,7413,7353,7357,7383,7337,7336,7273,7298,7277,7255,7261,7416,7246,7272,7336,7282,7172,7268,7201,7264,7234,7232,7201,7209,7240,7219,7186,7174,7192,7136,7193,7183,7175,7171,7148,7088,7153,7057,7100,7118,7062,7182,7093,7031,7131,7065,7080,7097,7120,7109,7075,7055,7096,7032,7122,6959,7119,7064,7018,6976,7018,6972,7026,6982,7040,7016,6971,6973,6951,7030,6991,6960,6979,6958,6923,7000,6970,6973,6887,6902,6839,6849,6836,6907,6954,6882,6888,6801,6803,6762,6906,6794,6839,6759,6837,6829,6755,6823,6769,6780,6763,6738,6684,6755,6717,6701,6753,6662,6676,6750,6763,6776,6644,6755,6714,6747,6649,6607,6776,6707,6691,6723,6611,6710,6654,6619,6651,6590,6615,6647,6579,6513,6569,6476,6582,6527,6557,6495,6497,6464,6423,6421,6560,6439,6472,6396,6366,6440,6440,6405,6404,6449,6395,6408,6390,6383,6330,6370,6333,6308,6343,6355,6286,6341,6382,6310,6272,6235,6257,6290,6259,6253,6269,6256,6264,6200,6221,6229,6196,6254,6124,6170,6184,6197,6141,6128,6155,6099,6110,6094,6065,6143,6094,6043,6025,6007,6021,6131,6070,6074,6066,6026,6008,5930,5994,5981,5970,5993,5982,5899,5982,5907,5942,5943,5947,5833,5948,5829,5918,5930,5908,5931,5939,5839,5875,5886,5816,5884,5884,5859,5827,5781,5797,5760,5806,5823,5868,5839,5875,5847,5734,5739,5810,5772,5833,5716,5723,5790,5807,5759,5722,5796,5719,5665,5755,5686,5703,5642,5707,5708,5780,5654,5672,5669,5708,5734,5685,5615,5668,5625,5655,5644,5619,5598,5571,5597,5611,5589,5581,5573,5589,5578,5579,5624,5602,5558,5518,5575,5519,5556,5510,5511,5469,5465,5445,5530,5543,5519,5469,5476,5436,5486,5420,5412,5411,5466,5445,5411,5385,5458,5403,5379,5364,5430,5385,5326,5406,5306,5346,5355,5375,5323,5360,5279,5336,5347,5346,5270,5340,5344,5359,5325,5248,5293,5290,5239,5321,5333,5275,5249,5245,5291,5234,5233,5247,5286,5201,5247,5293,5205,5254,5233,5175,5195,5241,5185,5166,5192,5157,5217,5169,5166,5122,5178,5137,5198,5141,5161,5136,5057,5187,5160,5136,5077,5101,5130,5045,5133,5071,5121,5022,5081,5066,5084,5055,5102,5136,5047,5078,5034,5061,5090,4988,5002,5060,5038,5019,5059,5031,4946,5021,4961,5011,4988,4993,4924,4967,4977,5013,4966,4871,4920,4911,4954,4934,4938,4935,4882,4886,4903,4885,4888,4919,4879,4901,4882,4867,4862,4900,4876,4827,4849,4829,4893,4783,4828,4809,4843,4817,4837,4875,4867,4856,4831,4777,4780,4760,4802,4775,4820,4757,4744,4775,4778,4737,4731,4707,4759,4747,4744,4758,4737,4781,4766,4742,4719,4713,4731,4703,4735,4692,4706,4685,4670,4689,4637,4766,4683,4687,4644,4607,4637,4635,4675,4604,4605,4642,4637,4627,4605,4636,4555,4615,4614,4622,4621,4579,4594,4560,4599,4590,4501,4529,4512,4474,4559,4557,4503,4556,4511,4571,4522,4470,4537,4567,4549,4521,4479,4496,4499,4487,4488,4484,4448,4408,4489,4415,4399,4427,4404,4459,4410,4421,4413,4382,4417,4384,4412,4431,4392,4394,4368,4409,4386,4448,4383,4407,4371,4358,4401,4333,4411,4401,4357,4338,4343,4322,4291,4364,4314,4296,4372,4328,4289,4322,4283,4319,4299,4295,4264,4303,4254,4321,4333,4212,4286,4289,4267,4235,4226,4282,4232,4314,4226,4179,4236,4248,4220,4211,4198,4199,4177,4179,4187,4204,4246,4236,4212,4190,4234,4153,4197,4127,4203,4133,4174,4211,4231,4161,4184,4207,4146,4163,4143,4189,4139,4163,4115,4107,4077,4104,4155,4113,4071,4134,4136,4081,4121,4067,4102,4083,4114,4088,4086,4013,4049,4029,4098,4039,4055,4047,3979,4002,4039,4052,4031,4007,4008,4109,4054,4042,4032,3991,4039,3984,3967,4009,3995,3936,3966,4026,4035,4016,3950,3988,3990,3962,4009,3965,3957,3990,3979,3925,3908,3936,3973,3943,3945,3942,3997,3932,3928,3962,3960,3908,3908,3866,3902,3863,3908,3846,3917,3918,3854,3897,3849,3899,3855,3889,3845,3815,3855,3844,3853,3876,3864,3859,3805,3897,3856,3827,3874,3805,3837,3822,3862,3794,3788,3814,3793,3761,3800,3735,3769,3746,3728,3760,3782,3745,3761,3742,3761,3748,3690,3743,3719,3711,3708,3680,3743,3703,3715,3678,3695,3676,3665,3679,3690,3684,3669,3647,3670,3709,3637,3656,3681,3677,3657,3699,3646,3637,3653,3660,3648,3597,3639,3660,3659,3581,3638,3596,3623,3606,3550,3624,3626,3626,3618,3588,3585,3588,3587,3575,3606,3545,3622,3649,3575,3552,3561,3536,3532,3571,3544,3549,3524,3595,3516,3514,3501,3521,3528,3528,3553,3537,3485,3472,3483,3584,3518,3507,3518,3551,3492,3494,3529,3538,3519,3500,3490,3532,3520,3481,3480,3470,3509,3415,3442,3457,3458,3480,3473,3435,3450,3424,3431,3399,3431,3432,3412,3422,3405,3442,3386,3408,3410,3405,3422,3387,3424,3378,3412,3386,3428,3437,3357,3378,3386,3399,3378,3355,3363,3389,3337,3356,3336,3330,3371,3356,3370,3383,3355,3303,3346,3340,3356,3339,3365,3355,3314,3321,3286,3377,3329,3350,3301,3331,3351,3279,3338,3281,3298,3323,3262,3278,3267,3277,3264,3270,3306,3293,3287,3266,3221,3310,3251,3260,3293,3285,3254,3293,3282,3262,3243,3290,3274,3273,3262,3217,3223,3243,3241,3258,3212,3249,3281,3197,3232,3234,3245,3160,3213,3266,3226,3226,3200,3264,3266,3244,3248,3202,3227,3208,3157,3173,3192,3163,3205,3198,3184,3141,3166,3171,3171,3139,3162,3160,3165,3158,3186,3206,3188,3176,3122,3142,3146,3178,3109,3157,3172,3142,3141,3113,3136,3098,3144,3122,3142,3139,3114,3064,3095,3099,3100,3088,3075,3088,3107,3123,3089,3083,3049,3065,3057,3036,3047,3028,3093,3074,3049,3040,3101,3094,3043,3074,3078,3048,3075,3027,3054,3048,3033,3006,3048,3001,3048,3005,3056,3018,3011,3020,3040,3045,3048,3046,2997,3016,2992,3034,3041,3066,3008,3004,3029,2978,3003,3011,2995,3028,3021,3016,3043,2947,2990,2966,2976,2992,2963,2958,2968,2972,3017,3016,2954,3004,2974,3023,2991,2944,3000,2975,2936,3016,2965,3002,2962,2966,2969,2946,2965,2924,2926,2950,2979,2990,2959,2939,2920,2951,2927,2925,2903,2936,2963,2915,2912,2920,2912,2925,2939,2911,2933,2897,2952,2942,2958,2917,2923,2925,2950,2923,2914,2933,2898,2899,2893,2890,2871,2904,2905,2852,2857,2825,2870,2869,2882,2881,2902,2878,2874,2866,2864,2895,2891,2880,2873,2866,2848,2836,2877,2890,2845,2837,2852,2845,2852,2842,2840,2802,2813,2844,2819,2825,2847,2792,2807,2846,2850,2793,2802,2805,2830,2818,2826,2782,2794,2821,2797,2798,2804,2769,2820,2781,2812,2791,2765,2766,2767,2780,2793,2785,2790,2792,2739,2750,2776,2780,2764,2764,2761,2754,2744,2742,2789,2750,2747,2757,2743,2742,2735,2751,2759,2756,2752,2718,2773,2745,2737,2744,2751,2759,2722,2747,2759,2734,2733,2754,2692,2731,2704,2686,2754,2733,2733,2718,2717,2686,2695,2680,2699,2700,2692,2691,2696,2680,2694,2736,2717,2711,2744,2697,2690,2699,2678,2697,2732,2667,2702,2681,2696,2694,2701,2668,2694,2706,2684,2693,2686,2678,2697,2663,2705,2682,2652,2665,2682,2641,2655,2666,2688,2658,2651,2658,2650,2644,2618,2617,2611,2656,2638,2647,2640,2655,2664,2604,2662,2623,2630,2634,2612,2637,2619,2645,2622,2636,2638,2621,2605,2619,2581,2596,2590,2612,2608,2605,2593,2594,2576,2593,2581,2600,2586,2582,2567,2568,2547,2577,2586,2565,2601,2559,2569,2572,2570,2583,2561,2554,2555,2582,2560,2565,2568,2569,2555,2539,2576,2546,2494,2574,2526,2532,2558,2543,2563,2537,2553,2532,2555,2524,2550,2521,2531,2533,2518,2515,2527,2563,2520,2524,2524,2536,2489,2510,2535,2530,2543,2529,2525,2530,2539,2534,2510,2548,2522,2539,2534,2542,2481,2479,2512,2550,2487,2476,2493,2495,2511,2510,2519,2480,2478,2493,2502,2471,2519,2491,2490,2511,2507,2464,2497,2485,2507,2466,2507,2515,2470,2480,2477,2466,2487,2467,2454,2456,2464,2461,2475,2445,2443,2474,2469,2439,2453,2466,2456,2434,2448,2424,2439,2445,2444,2398,2433,2445,2420,2400,2446,2437,2423,2447,2418,2449,2420,2415,2433,2403,2457,2431,2437,2441,2420,2432,2434,2443,2415,2403,2431,2387,2402,2399,2397,2402,2379,2383,2378,2366,2398,2402,2395,2399,2363,2394,2371,2362,2379,2366,2366,2359,2399,2358,2354,2384,2372,2391,2385,2381,2389,2396,2389,2370,2372,2359,2371,2358,2342,2363,2404,2389,2375,2372,2347,2354,2366,2363,2345,2352,2352,2370,2357,2343,2375,2352,2337,2359,2356,2335,2354,2355,2336,2347,2335,2335,2331,2336,2341,2342,2312,2321,2311,2330,2327,2334,2339,2342,2345,2333,2351,2348,2329,2335,2343,2351,2362,2346,2365,2336,2344,2333,2350,2335,2361,2319,2333,2330,2359,2297,2340,2323,2336,2297,2331,2316,2327,2307,2325,2332,2332,2296,2334,2303,2320,2291,2312,2332,2302,2313,2299,2289,2313,2301,2308,2336,2283,2272,2271,2280,2294,2301,2286,2287,2305,2279,2309,2308,2286,2283,2304,2303,2307,2302,2281,2309,2289,2310,2305,2285,2284,2266,2291,2288,2283,2279,2267,2281,2307,2327,2299,2277,2283,2257,2279,2252,2279,2257,2258,2263,2275,2271,2217,2266,2271,2251,2256,2262,2262,2227,2228,2215
11172,11068,10938,10966,10973,10979,11033,11179,11035,11043,10992,11140,10958,10801,10747,10575,10466,10531,10581,10435,10444,10531,10451,10372,10439,10471,10427,10536,10404,10361,10413,10304,10210,10247,10321,10113,10008,9993,10038,9976,9988,9890,9906,10024,10019,9934,9888,9952,9968,10021,10130,10106,10056,9982,10033,9951,9945,9933,9912,9897,9843,9975,9934,10043,9901,9793,9841,9848,9991,9917,9862,9784,9708,9770,9698,9696,9734,9840,9673,9742,9710,9670,9704,9668,9672,9674,9723,9711,9800,9625,9691,9648,9608,9554,9592,9647,9636,9688,9668,9661,9711,9577,9585,9586,9607,9595,9587,9612,9603,9661,9648,9628,9579,9643,9729,9640,9696,9720,9622,9611,9783,9682,9592,9752,9709,9666,9688,9528,9621,9689,9602,9602,9536,9667,9546,9653,9595,9678,9532,9589,9549,9687,9595,9530,9620,9587,9755,9709,9567,9590,9604,9575,9590,9529,9579,9592,9672,9738,9594,9571,9671,9599,9577,9574,9617,9648,9678,9612,9685,9739,9591,9669,9706,9612,9596,9651,9655,9748,9651,9659,9621,9625,9700,9675,9612,9632,9668,9703,9685,9650,9730,9684,9635,9646,9693,9669,9676,9682,9723,9625,9495,9701,9579,9666,9607,9598,9521,9632,9616,9614,9654,9694,9544,9614,9615,9655,9600,9592,9597,9615,9690,9645,9741,9668,9641,9647,9707,9647,9757,9617,9650,9664,9653,9537,9683,9580,9673,9668,9709,9565,9588,9441,9583,9522,9626,9562,9573,9445,9479,9547,9471,9452,9577,9554,9492,9611,9467,9566,9592,9566,9497,9475,9487,9393,9416,9419,9418,9344,9348,9220,9336,9369,9363,9258,9156,9224,9101,9126,9197,9115,9033,9190,9116,9096,9151,9106,9118,9090,9130,9068,8914,9074,8990,9059,8919,9009,8950,8968,8920,9047,9011,9059,8930,8988,8921,8946,8981,8952,8949,8889,8936,8811,8985,9017,8834,8838,8900,8837,8815,8755,8931,8987,8914,8807,8830,8881,8854,8816,8821,8794,8873,8860,8763,8746,8941,8737,8824,8806,8724,8780,8793,8806,8763,8766,8842,8803,8840,8736,8771,8753,8801,8819,8853,8796,8809,8880,8833,8795,8822,8779,8866,8835,8810,8818,8888,8804,8755,8916,8890,8858,8788,8775,8816,8785,8808,8747,8803,8715,8756,8789,8831,8770,8794,8802,8778,8691,8718,8723,8678,8721,8717,8744,8601,8672,8701,8718,8672,8655,8646,8662,8715,8600,8683,8723,8671,8671,8620,8571,8677,8644,8667,8670,8656,8591,8489,8589,8572,8665,8706,8541,8619,8564,8637,8617,8586,8537,8568,8636,8525,8545,8438,8633,8622,8563,8541,8586,8604,8538,8554,8538,8512,8508,8545,8709,8491,8574,8490,8580,8538,8558,8516,8554,8489,8499,8437,8443,8574,8575,8491,8515,8435,8522,8376,8445,8511,8497,8511,8455,8463,8456,8438,8441,8447,8383,8448,8434,8345,8393,8476,8403,8378,8424,8440,8409,8396,8367,8271,8414,8487,8372,8396,8345,8408,8358,8434,8380,8403,8430,8244,8362,8357,8398,8390,8384,8397,8413,8319,8327,8354,8513,8418,8336,8317,8370,8354,8315,8336,8368,8258,8413,8400,8295,8314,8242,8316,8316,8345,8339,8264,8295,8331,8262,8309,8309,8358,8234,8304,8322,8228,8318,8327,8343,8205,8261,8343,8268,8258,8288,8249,8277,8346,8264,8298,8161,8261,8291,8293,8219,8208,8271,8166,8308,8225,8139,8192,8208,8148,8128,8175,8133,8128,8210,8238,8211,8156,8254,8191,8170,8083,8102,8093,8139,8047,8137,8070,8053,8169,8116,8099,8130,8111,8067,8137,8060,7941,8082,7997,7961,7984,7935,8003,8083,7947,8012,7998,7993,7971,8036,7951,7907,7900,7956,8024,7986,7952,8001,7997,7933,7968,7945,7987,7957,8009,7987,7892,7942,7894,7955,7903,7911,7967,7864,8010,7958,7998,7842,7931,7839,7849,7864,7891,7870,7826,7802,7882,7855,7854,7798,7829,7898,7782,7794,7877,7819,7874,7937,7874,7799,7880,7866,7824,7895,7787,7723,7752,7757,7858,7775,7812,7790,7757,7743,7761,7720,7793,7738,7652,7721,7747,7683,7721,7760,7688,7753,7658,7630,7631,7699,7644,7606,7630,7651,7670,7557,7593,7686,7617,7524,7586,7609,7656,7685,7601,7641,7605,7626,7602,7647,7604,7613,7552,7621,7514,7531,7605,7569,7524,7600,7572,7589,7631,7624,7656,7516,7589,7651,7578,7528,7597,7567,7617,7531,7590,7550,7625,7539,7490,7540,7489,7535,7496,7447,7538,7541,7534,7479,7455,7564,7482,7477,7503,7567,7550,7553,7535,7479,7553,7476,7462,7479,7469,7485,7541,7527,7558,7473,7420,7517,7456,7534,7448,7595,7355,7451,7423,7464,7491,7398,7348,7423,7481,7453,7432,7352,7415,7415,7381,7435,7378,7362,7404,7359,7321,7420,7352,7445,7329,7415,7352,7398,7279,7332,7415,7341,7328,7371,7380,7335,7341,7311,7269,7415,7331,7439,7329,7337,7346,7358,7275,7330,7257,7288,7320,7332,7337,7250,7272,7231,7273,7330,7276,7296,7372,7256,7287,7201,7262,7229,7334,7315,7315,7270,7322,7350,7314,7249,7286,7244,7274,7261,7279,7335,7203,7257,7214,7181,7283,7171,7151,7124,7183,7226,7165,7204,7259,7235,7235,7163,7124,7167,7136,7227,7202,7122,7212,7189,7260,7115,7140,7131,7211,7244,7117,7134,7188,7121,7066,7106,7087,7134,7159,7121,7080,7119,7144,7133,7067,7140,7169,7103,7123,7114,7097,7084,7085,7057,7129,7068,7087,7114,7119,7189,7097,7108,7061,7075,7111,7252,7118,7075,7169,7163,7117,7092,7090,7111,7115,7199,7161,7174,7117,7144,7202,7182,7166,7258,7252,7113,7147,7188,7119,7133,7078,7160,7196,7108,7247,7205,7208,7132,7193,7135,7171,7115,7251,7219,7122,7201,7162,7197,7131,7137,7271,7177,7179,7152,7287,7220,7213,7258,7203,7246,7132,7252,7293,7185,7100,7097,7172,7199,7190,7225,7129,7175,7142,7264,7034,7183,7114,7140,7055,7124,7051,7137,7116,7020,7068,7068,7101,7003,6972,7048,6997,6997,6959,6978,7018,6992,6987,7003,6973,6924,6989,6951,6939,6864,7004,7008,6942,6928,6904,6950,6946,6947,6976,6941,6856,6958,6836,6894,6876,6856,6941,6787,6840,6824,6797,6907,6879,6811,6831,6908,6806,6821,6810,6790,6842,6826,6752,6795,6807,6845,6831,6808,6806,6725,6787,6739,6825,6749,6772,6704,6715,6672,6699,6738,6718,6804,6706,6640,6736,6762,6694,6711,6704,6648,6668,6643,6648,6576,6640,6619,6662,6602,6616,6572,6604,6513,6519,6560,6556,6558,6578,6486,6554,6633,6578,6589,6577,6535,6509,6599,6510,6496,6578,6558,6523,6539,6507,6519,6501,6472,6511,6500,6504,6499,6461,6481,6524,6456,6448,6500,6456,6479,6441,6410,6489,6472,6433,6474,6426,6540,6476,6442,6427,6495,6360,6436,6445,6400,6459,6411,6398,6451,6381,6449,6474,6430,6496,6468,6440,6398,6396,6486,6458,6401,6460,6430,6446,6355,6457,6404,6364,6450,6445,6413,6407,6467,6457,6430,6390,6380,6381,6439,6419,6395,6466,6377,6347,6386,6439,6439,6355,6432,6391,6397,6357,6404,6397,6355,6327,6356,6350,6412,6319,6341,6325,6362,6289,6323,6338,6232,6236,6300,6218,6207,6235,6319,6251,6203,6221,6224,6195,6231,6175,6269,6160,6111,6260,6253,6189,6234,6222,6212,6152,6164,6126,6185,6108,6130,6168,6159,6147,6104,6149,6108,6093,6109,6168,6137,6149,6194,6102,6161,6065,6129,6091,6151,6123,6205,6143,6113,6103,6135,6174,6071,6055,6206,6096,6032,6119,6115,5977,6045,6090,6088,6008,6069,6069,6073,6040,6030,6019,6064,6139,6073,6070,6091,6112,6087,6064,6040,6061,6065,6043,6049,6121,6063,6052,6095,6003,5948,5982,5976,6033,6035,5980,5957,5970,5981,6018,6003,5998,6066,5960,5999,5947,5954,6019,6019,5993,5957,5967,6031,6086,5970,6031,5940,5993,5945,5885,5968,5889,5960,5904,5945,5893,5993,5884,5822,5904,5883,5940,5879,5942,5859,5936,5914,5867,5864,5933,5966,5862,5900,5875,5834,5852,5857,5892,5898,5903,5877,5815,5864,5816,5806,5814,5787,5777,5783,5840,5728,5860,5818,5786,5771,5788,5807,5778,5820,5805,5813,5782,5867,5835,5739,5715,5714,5785,5773,5766,5778,5740,5761,5689,5765,5725,5762,5715,5691,5731,5796,5724,5694,5734,5754,5774,5779,5761,5742,5724,5791,5819,5734,5749,5735,5707,5748,5774,5712,5633,5666,5686,5651,5607,5615,5631,5561,5623,5678,5640,5577,5600,5619,5525,5589,5694,5633,5623,5571,5564,5603,5578,5559,5606,5629,5583,5599,5508,5562,5565,5566,5566,5497,5498,5459,5535,5442,5466,5457,5442,5448,5440,5482,5482,5448,5461,5419,5451,5457,5481,5446,5414,5483,5392,5455,5408,5481,5399,5494,5455,5383,5472,5433,5477,5423,5414,5361,5317,5327,5399,5379,5338,5309,5341,5314,5260,5333,5243,5296,5293,5278,5345,5311,5262,5348,5350,5348,5295,5297,5291,5291,5304,5211,5267,5186,5307,5229,5232,5241,5238,5173,5188,5194,5177,5128,5159,5174,5124,5145,5160,5153,5165,5139,5170,5139,5107,5103,5158,5165,5124,5205,5125,5235,5217,5186,5132,5112,5186,5158,5171,5169,5114,5120,5143,5079,5152,5076,5054,5048,5057,5038,5077,5043,5039,5074,5070,5113,5041,5077,5051,5068,5112,5003,5052,5087,5063,5052,5071,5091,5072,5120,5099,5051,5041,5021,5091,5064,5074,5046,5032,5036,5044,4986,5020,4968,4959,5024,5006,5007,4930,4980,4997,4947,4955,4971,4986,4995,5016,5015,4956,4938,4928,4968,4941,4949,4981,4995,4995,4950,4966,5001,5003,4957,4885,4969,4922,4880,4938,4814,4907,4915,4839,4840,4881,4888,4835,4870,4886,4832,4845,4876,4825,4875,4908,4829,4828,4859,4861,4794,4848,4845,4834,4854,4884,4905,4838,4823,4822,4844,4841,4846,4818,4862,4799,4806,4872,4808,4718,4867,4751,4735,4795,4750,4672,4799,4771,4748,4692,4704,4736,4647,4667,4704,4760,4718,4728,4728,4724,4741,4666,4740,4661,4731,4725,4711,4704,4752,4747,4702,4608,4702,4682,4615,4608,4670,4612,4663,4660,4612,4659,4622,4661,4604,4543,4618,4673,4643,4575,4599,4630,4583,4625,4575,4593,4586,4600,4608,4561,4599,4612,4594,4585,4660,4603,4619,4635,4624,4548,4621,4603,4574,4609,4574,4583,4614,4638,4596,4609,4628,4605,4559,4561,4574,4560,4526,4519,4453,4557,4549,4491,4495,4530,4522,4582,4569,4496,4569,4532,4522,4539,4528,4546,4574,4486,4488,4544,4577,4573,4489,4569,4567,4478,4536,4467,4514,4530,4445,4484,4491,4475,4512,4507,4478,4520,4507,4431,4483,4470,4453,4399,4416,4367,4357,4421,4364,4375,4366,4389,4392,4342,4400,4398,4322,4368,4400,4351,4386,4443,4369,4431,4333,4386,4357,4406,4388,4345,4372,4274,4328,4323,4367,4313,4320,4291,4248,4242,4333,4276,4274,4263,4280,4257,4226,4231,4253,4220,4227,4233,4246,4216,4228,4300,4268,4266,4239,4257,4261,4250,4287,4347,4228,4199,4230,4278,4218,4245,4242,4261,4224,4241,4193,4241,4265,4225,4239,4256,4215,4224,4174,4185,4235,4231,4205,4192,4172,4194,4188,4175,4203,4192,4166,4175,4109,4157,4103,4124,4137,4127,4146,4113,4082,4135,4167,4101,4129,4093,4175,4150,4138,4135,4138,4161,4210,4201,4144,4217,4190,4105,4216,4173,4228,4173,4157,4213,4188,4119,4197,4174,4160,4158,4189,4109,4095,4142,4148,4104,4129,4088,4081,4109,4147,4048,4114,4095,4022,4067,4035,4076,4088,4008,4104,4085,4073,4044,4055,4073,4079,4060,4054,4031,4045,4044,4089,4017,4119,4044,4089,4032,4092,4084,4107,4125,4068,4094,4080,4118,4040,4049,4036,4067,4040,4040,4018,4064,4046,4055,3992,4009,3989,3957,3945,4010,4008,4017,4006,3972,3985,3966,3994,3977,3964,3946,3917,3940,3898,3888,3889,3909,3916
10553,10452,10481,10476,10545,10560,10566,10444,10597,10398,10477,10436,10431,10471,10393,10392,10386,10485,10311,10444,10566,10332,10382,10463,10316,10401,10428,10425,10323,10315,10231,10324,10330,10309,10298,10208,10256,10236,10272,10206,10099,10166,10217,10149,10198,10139,10168,10152,10135,10146,10200,10120,10203,10289,10167,10165,10174,10217,10185,10105,10185,10181,10153,9988,10141,10180,10088,10076,10153,10144,10070,10081,10064,10084,10091,10063,9909,10079,10041,9997,9927,9873,9886,9917,9929,9798,9847,9871,9864,9794,9884,9898,9972,9845,9931,9848,9872,9920,9759,9755,9882,9866,9777,9752,9861,9820,9843,9772,9778,9715,9754,9833,9607,9747,9752,9510,9687,9784,9700,9614,9630,9616,9696,9633,9597,9543,9602,9633,9503,9588,9610,9552,9560,9550,9549,9428,9454,9360,9524,9417,9454,9437,9554,9389,9451,9283,9421,9355,9363,9378,9408,9384,9371,9328,9307,9317,9332,9324,9231,9271,9305,9297,9293,9257,9279,9237,9239,9244,9271,9235,9190,9196,9242,9165,9135,9120,9129,9243,9126,9120,9111,9236,9072,9157,9136,9056,9069,9036,9114,9064,8993,9125,9091,9054,9014,8979,9016,9057,8927,8983,9050,8928,9018,8882,8923,8936,9029,8912,8945,9015,8792,8921,8835,8902,8823,8899,8897,8874,8798,8828,8801,8877,8883,8888,8870,8799,8739,8807,8775,8695,8779,8755,8700,8836,8746,8838,8614,8691,8751,8772,8710,8743,8516,8720,8593,8668,8706,8687,8539,8617,8582,8627,8521,8599,8497,8647,8529,8601,8520,8466,8476,8438,8459,8444,8448,8406,8446,8428,8400,8382,8420,8397,8377,8407,8370,8349,8372,8343,8357,8350,8415,8286,8294,8272,8264,8246,8396,8218,8226,8246,8277,8236,8218,8145,8251,8208,8264,8195,8170,8164,8306,8147,8151,8143,8128,8147,8060,8075,8166,8145,8171,8151,8093,8097,8095,8061,8075,7976,7994,7999,8006,7920,7956,7931,8001,7951,7868,7986,7941,7910,7834,7986,7897,7900,7873,7913,7817,7863,7723,7718,7759,7750,7713,7787,7816,7799,7777,7774,7759,7738,7755,7724,7747,7783,7633,7724,7653,7718,7646,7715,7619,7638,7708,7629,7599,7646,7630,7626,7620,7644,7610,7626,7591,7554,7603,7573,7567,7620,7597,7577,7561,7553,7537,7501,7477,7523,7489,7524,7507,7474,7463,7435,7386,7482,7445,7377,7332,7414,7367,7375,7331,7364,7336,7304,7370,7387,7303,7315,7356,7368,7373,7291,7390,7247,7303,7281,7300,7341,7299,7375,7244,7293,7338,7270,7261,7239,7294,7258,7252,7267,7287,7259,7269,7209,7207,7197,7220,7232,7259,7176,7173,7189,7210,7208,7175,7191,7251,7131,7214,7113,7120,7130,7180,7143,7051,7132,7123,7057,7054,7044,6991,7111,7043,7002,7020,7136,7030,7015,7037,6997,7036,7030,7053,6946,7052,7017,6955,6959,6997,6962,6966,6940,6939,6915,6930,6902,6843,6924,6858,6845,6929,6952,6847,6892,6747,6855,6850,6828,6775,6840,6790,6821,6877,6812,6750,6736,6725,6781,6788,6732,6734,6725,6662,6700,6655,6678,6693,6677,6596,6636,6710,6607,6582,6611,6583,6539,6549,6520,6571,6597,6575,6508,6605,6487,6563,6510,6446,6512,6479,6501,6463,6487,6514,6462,6480,6493,6458,6381,6406,6417,6401,6438,6418,6394,6345,6323,6364,6356,6301,6298,6248,6276,6291,6315,6294,6251,6231,6234,6244,6262,6248,6210,6173,6220,6238,6163,6119,6191,6122,6190,6207,6132,6167,6021,6139,6086,6166,6122,6150,6177,6006,6070,6091,6000,6093,6088,6016,6067,6103,5993,5985,6017,6029,5977,6006,6001,6051,6081,6000,5966,5964,5985,5995,6004,5994,5970,5963,5932,5949,5879,5904,5949,6018,5943,5850,5911,5924,5946,5871,5911,5866,5832,5892,5963,5882,5811,5824,5846,5834,5811,5838,5837,5804,5803,5830,5830,5751,5817,5821,5803,5723,5750,5699,5788,5739,5732,5705,5706,5642,5623,5644,5619,5668,5680,5675,5663,5658,5632,5675,5637,5650,5619,5529,5600,5630,5514,5655,5591,5650,5601,5600,5585,5515,5527,5513,5534,5541,5512,5543,5511,5592,5473,5496,5429,5569,5452,5483,5467,5480,5453,5449,5486,5529,5497,5430,5426,5454,5498,5438,5382,5400,5406,5375,5429,5434,5425,5412,5373,5430,5447,5353,5463,5344,5337,5308,5438,5377,5352,5331,5334,5355,5372,5337,5308,5284,5366,5311,5335,5318,5308,5226,5272,5313,5302,5352,5309,5294,5339,5302,5256,5193,5229,5211,5249,5274,5256,5178,5242,5240,5205,5230,5161,5177,5201,5207,5221,5154,5125,5183,5181,5148,5146,5124,5164,5107,5080,5088,5114,5123,5165,5128,5105,5081,5121,5073,5088,5022,5064,5037,5059,5095,5119,4984,5012,5094,4978,5076,4989,4992,5034,5070,5011,4984,5030,5056,4909,4976,4973,5056,4984,4935,5028,4994,4947,4874,4996,4971,4980,4909,4937,4982,4871,4967,4945,4960,4952,4874,4932,4912,4857,4910,4917,4917,4855,4888,4811,4851,4799,4806,4850,4913,4847,4885,4889,4814,4835,4794,4839,4784,4777,4797,4811,4816,4807,4747,4821,4807,4756,4753,4738,4778,4804,4774,4722,4741,4759,4710,4695,4737,4772,4701,4751,4652,4713,4727,4719,4729,4697,4703,4670,4662,4647,4630,4714,4640,4621,4610,4619,4665,4645,4622,4602,4666,4595,4587,4636,4582,4654,4612,4522,4584,4553,4521,4540,4534,4526,4583,4509,4510,4562,4526,4483,4551,4554,4535,4458,4572,4502,4477,4487,4529,4442,4498,4467,4396,4517,4530,4444,4496,4524,4422,4397,4381,4474,4446,4429,4425,4444,4409,4448,4393,4448,4367,4427,4377,4378,4358,4423,4343,4338,4419,4362,4352,4354,4313,4373,4357,4374,4393,4353,4373,4301,4380,4308,4363,4352,4314,4327,4322,4328,4305,4306,4364,4381,4298,4262,4291,4368,4330,4308,4224,4240,4243,4274,4244,4256,4324,4277,4282,4261,4303,4253,4266,4290,4272,4262,4259,4231,4195,4181,4200,4193,4216,4193,4213,4154,4185,4185,4179,4185,4161,4177,4155,4155,4202,4134,4194,4152,4135,4159,4162,4153,4095,4148,4109,4118,4122,4122,4106,4094,4068,4118,4080,4117,4106,4105,4081,4023,4096,4118,4103,4102,4077,4121,4042,4080,4039,4056,4086,4046,4038,4051,4052,4073,4001,4079,4023,4071,4027,4054,4019,4001,4010,3970,3987,3957,3986,3995,4008,3956,3967,3960,3993,3915,3972,3982,3960,3929,3986,3954,3915,3958,3948,3905,3878,3995,3887,3913,3953,3890,3862,3888,3880,3860,3849,3885,3888,3893,3870,3893,3859,3846,3868,3850,3785,3868,3840,3843,3769,3788,3805,3784,3833,3798,3781,3811,3784,3837,3808,3750,3814,3745,3755,3777,3815,3737,3713,3781,3745,3797,3763,3752,3743,3739,3753,3751,3760,3739,3704,3725,3704,3677,3691,3717,3755,3653,3729,3701,3668,3670,3691,3697,3666,3677,3690,3638,3697,3709,3697,3632,3663,3656,3648,3584,3629,3655,3659,3662,3646,3650,3662,3622,3647,3621,3584,3622,3606,3646,3591,3598,3646,3560,3590,3599,3611,3563,3572,3594,3597,3613,3540,3554,3571,3563,3571,3535,3530,3540,3565,3543,3552,3527,3545,3562,3531,3580,3512,3505,3548,3559,3511,3491,3491,3569,3470,3510,3559,3468,3540,3497,3478,3484,3461,3508,3479,3536,3515,3428,3488,3484,3488,3463,3457,3482,3438,3462,3441,3436,3387,3395,3469,3491,3416,3467,3418,3417,3397,3407,3435,3419,3427,3428,3405,3424,3399,3385,3415,3372,3394,3388,3386,3404,3322,3429,3389,3390,3386,3376,3402,3359,3395,3350,3372,3369,3398,3345,3345,3344,3350,3384,3330,3390,3348,3410,3327,3349,3360,3332,3324,3349,3374,3336,3309,3348,3304,3344,3313,3300,3317,3351,3293,3256,3295,3290,3287,3314,3290,3321,3330,3279,3299,3313,3278,3306,3237,3238,3267,3266,3286,3295,3297,3235,3219,3272,3236,3258,3262,3240,3245,3236,3214,3223,3252,3214,3205,3228,3246,3247,3161,3198,3227,3292,3235,3255,3201,3188,3163,3139,3203,3197,3184,3156,3157,3178,3188,3235,3164,3192,3164,3167,3143,3173,3173,3169,3140,3151,3131,3151,3156,3149,3123,3106,3139,3131,3133,3178,3136,3154,3123,3126,3141,3121,3134,3111,3145,3112,3097,3098,3112,3121,3087,3128,3112,3134,3089,3059,3097,3080,3103,3111,3082,3096,3079,3105,3082,3110,3131,3118,3082,3052,3079,3096,3054,3056,3093,3083,3085,3079,3075,3027,3064,3019,3075,3031,3027,3041,3033,3026,3026,3047,3047,3059,3031,3038,3016,3049,3087,3040,3023,3023,3036,3051,3047,3022,3032,3028,3024,3025,3018,3056,3024,3031,2960,3024,2993,2971,3017,2989,2979,3009,3005,3008,3005,2998,3000,3046,2963,2973,2988,3016,2979,2997,3023,2990,2981,2922,2972,2979,2971,2963,2923,2931,2942,2944,2946,2953,2931,2944,2940,2914,2962,2924,2951,2928,2944,2928,2933,2957,2927,2956,2909,2900,2945,2940,2916,2919,2913,2909,2904,2912,2942,2923,2859,2900,2894,2899,2862,2841,2903,2864,2888,2904,2863,2859,2851,2854,2882,2878,2832,2900,2864,2865,2854,2836,2853,2844,2862,2861,2845,2830,2883,2809,2845,2854,2835,2851,2834,2775,2826,2835,2797,2833,2795,2822,2805,2788,2832,2796,2839,2806,2851,2811,2804,2841,2811,2794,2811,2818,2783,2818,2810,2822,2802,2802,2805,2824,2788,2811,2795,2804,2769,2756,2784,2777,2764,2784,2760,2773,2787,2796,2776,2751,2746,2790,2770,2798,2785,2788,2755,2757,2769,2757,2774,2737,2730,2768,2757,2764,2793,2765,2790,2781,2737,2770,2725,2751,2742,2762,2743,2724,2740,2690,2707,2705,2771,2709,2659,2717,2736,2669,2699,2712,2706,2712,2669,2731,2653,2692,2709,2698,2724,2698,2689,2655,2730,2711,2698,2696,2700,2666,2677,2657,2617,2701,2675,2633,2700,2675,2696,2664,2679,2615,2637,2605,2688,2647,2631,2665,2659,2636,2612,2619,2634,2615,2619,2629,2646,2655,2608,2624,2611,2642,2658,2616,2642,2659,2612,2642,2629,2646,2608,2584,2598,2625,2600,2647,2644,2595,2611,2617,2593,2608,2600,2582,2589,2569,2560,2593,2598,2536,2578,2566,2593,2582,2570,2577,2592,2560,2568,2584,2558,2575,2575,2576,2568,2573,2561,2574,2570,2564,2611,2571,2556,2567,2564,2594,2571,2538,2568,2533,2561,2535,2554,2574,2567,2568,2551,2519,2536,2516,2561,2548,2556,2554,2512,2523,2544,2532,2535,2556,2533,2516,2532,2539,2514,2533,2551,2531,2548,2544,2505,2518,2515,2480,2550,2507,2500,2507,2536,2504,2525,2522,2483,2476,2481,2503,2504,2508,2509,2529,2494,2476,2451,2486,2468,2456,2448,2460,2450,2468,2472,2453,2468,2466,2436,2478,2471,2481,2451,2450,2513,2472,2458,2442,2452,2480,2457,2459,2493,2427,2432,2443,2446,2438,2448,2432,2420,2416,2440,2413,2426,2463,2426,2433,2382,2438,2421,2409,2425,2410,2437,2429,2419,2416,2427,2409,2427,2415,2425,2422,2424,2440,2406,2427,2419,2415,2362,2423,2400,2403,2883,2427,2411,2410,2391,2388,2379,2400,2416,2406,2401,2379,2395,2373,2368,2392,2381,2411,2404,2379,2393,2360,2402,2374,2383,2341,2376,2351,2347,2377,2371,2351,2358,2372,2352,2371,2382,2368,2345,2361,2361,2332,2330,2340,2377,2391,2351,2385,2391,2374,2410,2383,2389,2353,2350,2362,2388,2380,2378,2383,2361,2361,2345,2360,2339,2353,2360,2358,2338,2346,2340,2331,2358,2345,2351,2331,2339,2341,2341,2327,2364,2328,2329,2349,2337,2334,2327,2340,2333,2311,2362,2364,2331,2305,2334,2325,2328,2335,2322,2329,2307,2307,2352,2347,2329,2348,2321,2329,2334,2339,2304,2339,2331,2285,2336,2323,2292,2330,2307,2311,2309,2327,2301,2279,2289,2303,2302,2293,2302,2301,2291,2289,2277,2319,2260,2280,2291,2287,2287,2292
11446,11305,11369,11322,11274,11327,11376,11443,11367,11402,11448,11359,11244,11090,10958,10853,10681,10833,10895,10678,10687,10725,10768,10711,10785,10771,10644,10834,10797,10676,10567,10637,10588,10625,10523,10382,10345,10259,10229,10286,10191,10253,10197,10260,10256,10235,10203,10186,10267,10406,10511,10373,10560,10306,10289,10405,10255,10223,10196,10110,10181,10244,10297,10279,10243,10285,10165,10167,10260,10123,10226,10107,10114,10068,10028,10043,10065,10067,10076,9977,9954,9954,9970,9984,10006,10029,10045,9906,9932,9962,10012,9929,10018,9942,9902,9947,9899,9895,9937,9849,9863,9896,9907,9878,9893,9907,9930,9950,9915,10038,9975,9978,9857,9934,9881,9983,9981,9984,9899,10014,10019,9872,9913,9933,10024,9907,9947,10011,9921,9993,9838,9877,9874,9859,9881,9797,9898,9905,9880,9833,9867,9745,9948,9907,9923,9868,9875,9998,9860,9920,9916,9844,9861,9926,9796,9898,9860,9967,9827,9857,9929,9939,9961,9826,9937,9974,9913,9963,9978,10015,10085,9957,9981,9942,9899,9894,9982,9870,9869,9949,9919,9979,9987,9958,9995,9886,9959,9911,9904,9939,9966,9895,9879,9965,9959,9938,9906,10015,9939,9800,9818,9997,9981,9873,9916,9966,9906,9920,9898,9932,9911,9983,9948,9969,9889,9961,10004,9936,9888,9893,9904,9864,9990,9987,9918,9965,9916,9980,9893,9890,9984,9991,9994,9886,9937,9996,9938,9827,9878,9927,10018,9870,9884,9929,9815,9756,9805,9857,9815,9832,9770,9802,9873,9879,9850,9962,9829,9873,9867,9827,9850,9661,9802,9756,9657,9748,9720,9694,9596,9582,9634,9582,9515,9589,9619,9544,9542,9505,9462,9530,9403,9410,9425,9387,9455,9428,9396,9390,9376,9416,9287,9330,9364,9415,9357,9350,9335,9301,9283,9314,9284,9330,9329,9280,9330,9292,9312,9378,9335,9277,9274,9309,9331,9341,9240,9266,9378,9202,9264,9258,9299,9227,9248,9176,9329,9151,9232,9268,9235,9212,9198,9171,9196,9157,9193,9142,9121,9278,9285,9199,9118,9100,9102,9221,9191,9165,9159,9234,9220,9230,9166,9141,9178,9239,9187,9194,9108,9182,9187,9259,9219,9181,9151,9159,9143,9180,9183,9181,9197,9263,9209,9177,9208,9146,9138,9147,9103,9106,9221,9076,9173,9069,9048,9124,8992,9097,9029,9140,9029,9064,9122,9127,9067,9092,9058,8985,9087,9068,9070,9086,9038,9075,9063,9035,9094,8984,8960,8993,9113,8978,8989,8964,9052,9058,8923,8915,8986,9029,8943,8832,8939,9059,8997,8870,8906,8998,8975,8908,9000,8935,8915,8968,9023,9018,8910,8970,8971,8961,8892,8947,8893,8945,8909,9044,8918,8955,8953,8931,8968,8936,8935,8939,8970,8904,8875,8901,8778,8897,8805,8904,8946,8911,8841,8820,8900,8855,8904,8843,8790,8945,8813,8914,8838,8836,8826,8855,8789,8747,8755,8797,8799,8887,8876,8827,8932,8856,8841,8834,8888,8828,8799,8763,8713,8725,8823,8849,8772,8763,8755,8772,8889,8701,8769,8699,8785,8810,8757,8712,8698,8719,8806,8749,8737,8647,8728,8771,8742,8660,8671,8792,8790,8791,8745,8728,8751,8700,8679,8565,8661,8685,8707,8755,8682,8663,8720,8758,8593,8716,8640,8669,8589,8721,8687,8724,8695,8628,8698,8696,8684,8590,8723,8687,8714,8705,8581,8647,8688,8579,8635,8604,8727,8632,8695,8529,8503,8592,8601,8589,8568,8552,8519,8597,8514,8647,8491,8588,8549,8568,8474,8542,8492,8512,8571,8462,8453,8485,8430,8536,8547,8483,8466,8465,8467,8422,8422,8368,8451,8400,8369,8406,8481,8383,8355,8435,8273,8455,8408,8310,8315,8368,8376,8303,8364,8331,8306,8389,8261,8296,8356,8343,8281,8290,8289,8279,8252,8357,8267,8296,8238,8253,8300,8411,8317,8366,8245,8228,8265,8261,8225,8262,8315,8307,8337,8348,8274,8353,8265,8244,8228,8161,8232,8200,8231,8279,8284,8198,8212,8258,8178,8240,8152,8188,8267,8094,8237,8182,8241,8089,8165,8268,8154,8097,8140,8082,8184,8137,8090,8068,8123,8093,8032,8101,8033,8092,8046,7991,8059,8054,8021,8074,8131,8061,7999,8099,8068,8096,7974,8019,8151,8050,8044,7999,7977,7956,8078,8045,7954,7941,8014,8021,7929,7959,7910,7904,7900,7963,7893,7978,7884,7993,8008,7964,7978,8047,8017,7988,7962,7928,7896,7950,7995,7951,7972,7914,7950,7926,7961,7833,7851,7887,7942,7958,7934,8000,7979,7902,7915,7967,7928,7887,7865,7826,7904,7938,8001,7928,7848,7918,7835,7791,7897,7819,7842,7965,7915,7763,7861,7858,7798,7847,7862,7876,7818,7869,7855,7748,7750,7814,7762,7802,7905,7767,7782,7738,7816,7785,7752,7774,7725,7754,7666,7682,7755,7678,7764,7799,7774,7799,7772,7778,7652,7789,7720,7718,7680,7677,7791,7687,7668,7770,7687,7655,7655,7645,7753,7652,7649,7722,7770,7712,7739,7683,7612,7744,7627,7645,7648,7670,7706,7684,7635,7705,7587,7581,7737,7737,7670,7643,7667,7687,7738,7709,7602,7640,7699,7679,7621,7658,7675,7679,7626,7610,7515,7533,7546,7700,7622,7614,7548,7635,7544,7548,7462,7570,7570,7534,7474,7597,7544,7511,7568,7477,7583,7568,7497,7574,7477,7414,7442,7506,7482,7540,7597,7502,7554,7515,7455,7450,7610,7497,7467,7503,7501,7476,7479,7476,7465,7442,7446,7513,7505,7415,7487,7440,7458,7392,7484,7448,7414,7477,7502,7473,7479,7413,7501,7507,7487,7487,7542,7430,7538,7517,7467,7462,7503,7418,7487,7590,7462,7516,7511,7546,7548,7529,7504,7540,7540,7497,7492,7507,7532,7548,7537,7515,7497,7514,7552,7591,7572,7524,7515,7556,7456,7652,7524,7592,7571,7481,7544,7540,7559,7553,7602,7584,7570,7496,7544,7607,7582,7508,7511,7479,7477,7502,7538,7604,7489,7511,7522,7585,7489,7405,7500,7499,7441,7542,7515,7454,7426,7463,7488,7446,7458,7476,7388,7454,7346,7416,7381,7324,7362,7339,7326,7351,7395,7331,7299,7386,7343,7262,7312,7377,7350,7356,7307,7349,7232,7336,7311,7238,7283,7262,7289,7314,7267,7265,7275,7240,7198,7257,7210,7284,7230,7204,7156,7158,7103,7174,7169,7218,7191,7217,7093,7105,7115,7201,7188,7141,7131,7147,7147,7149,7197,7053,7067,7155,7134,7046,7059,7075,7100,7035,7091,7087,7002,7058,7086,7101,7027,7082,7119,7040,7069,6979,7008,6968,6955,6959,6957,6978,6890,6925,6961,6962,6968,6847,6966,6890,6910,6944,6910,6927,6876,6855,6957,6973,6887,6849,6823,6860,6880,6898,6833,6839,6827,6844,6822,6783,6773,6808,6808,6839,6903,6871,6832,6777,6779,6821,6810,6861,6945,6790,6813,6805,6743,6815,6781,6838,6817,6757,6764,6853,6789,6779,6799,6781,6798,6827,6763,6720,6747,6804,6735,6802,6733,6717,6734,6702,6773,6807,6776,6684,6691,6739,6774,6777,6693,6790,6693,6751,6733,6834,6774,6786,6821,6792,6719,6835,6755,6760,6810,6784,6745,6769,6700,6747,6785,6811,6796,6699,6767,6641,6694,6672,6775,6686,6645,6733,6716,6645,6663,6648,6575,6681,6653,6665,6610,6650,6614,6583,6639,6567,6608,6521,6632,6550,6574,6514,6511,6578,6507,6480,6426,6484,6596,6498,6408,6563,6444,6481,6577,6472,6489,6459,6453,6492,6510,6394,6508,6428,6404,6394,6412,6400,6482,6383,6420,6428,6394,6414,6470,6357,6424,6402,6440,6425,6421,6442,6400,6468,6354,6452,6438,6451,6389,6400,6432,6442,6368,6311,6397,6348,6369,6369,6370,6293,6357,6298,6375,6332,6356,6363,6332,6335,6352,6351,6375,6368,6405,6310,6330,6423,6327,6382,6353,6359,6327,6330,6267,6309,6324,6316,6272,6296,6257,6242,6261,6276,6310,6300,6329,6366,6312,6259,6264,6311,6259,6359,6268,6302,6266,6290,6328,6210,6208,6217,6304,6298,6207,6163,6171,6253,6174,6288,6182,6238,6147,6177,6252,6190,6250,6217,6199,6239,6263,6289,6228,6245,6109,6152,6177,6219,6274,6144,6134,6126,6145,6194,6177,6089,6160,6115,6091,6119,6073,6092,6062,6127,6094,6165,6181,6087,6032,6058,6019,6086,6018,6098,6003,6041,6122,6007,6009,6054,6053,6057,6037,6051,6021,6039,6102,6048,6033,5966,5973,5985,6024,6047,6049,6053,6028,6058,5960,6057,6036,5992,6003,6037,6019,6060,6036,5956,5999,6003,6058,6015,6012,5977,5968,5925,5914,5992,5922,5913,5928,5940,5874,5827,5975,5835,5931,5831,5840,5821,5824,5841,5805,5853,5811,5837,5877,5913,5808,5924,5750,5849,5839,5860,5807,5856,5801,5752,5751,5737,5795,5792,5751,5768,5751,5590,5729,5709,5712,5737,5717,5687,5713,5669,5766,5704,5791,5740,5711,5700,5726,5713,5680,5675,5713,5687,5700,5615,5646,5675,5623,5671,5590,5645,5612,5616,5589,5651,5584,5588,5587,5586,5599,5467,5462,5624,5507,5529,5539,5573,5523,5591,5541,5499,5582,5591,5562,5565,5607,5491,5528,5492,5456,5503,5498,5478,5470,5459,5421,5451,5519,5445,5443,5402,5383,5434,5421,5389,5364,5412,5415,5431,5415,5361,5401,5390,5431,5398,5405,5354,5343,5350,5364,5454,5391,5335,5403,5438,5407,5387,5303,5400,5373,5373,5355,5311,5310,5283,5309,5267,5241,5344,5348,5282,5327,5261,5330,5249,5335,5257,5275,5271,5229,5269,5252,5349,5282,5360,5275,5322,5280,5312,5241,5328,5298,5245,5212,5266,5226,5222,5210,5233,5229,5207,5215,5203,5217,5154,5190,5229,5260,5185,5204,5246,5189,5167,5126,5153,5207,5264,5208,5237,5245,5237,5192,5172,5173,5153,5123,5179,5182,5146,5133,5111,5085,5149,5132,5121,5028,5088,5050,5075,5112,5103,5024,5141,5123,5169,5077,5057,5050,5116,5060,5074,5040,5106,5044,5112,5059,5053,5146,5060,5063,5057,5112,5022,5031,5056,5075,5085,5095,4999,5002,5066,5042,4956,4976,5000,4990,4881,4947,4975,4964,4860,4972,4933,4944,4907,4924,4907,4931,4906,5009,4960,4973,4921,4986,4878,4899,4986,4969,4905,4908,4882,4922,4924,4928,4893,4842,4874,4905,4856,4905,4899,4849,4835,4767,4879,4797,4779,4797,4819,4759,4834,4871,4801,4830,4822,4793,4788,4853,4833,4789,4782,4747,4838,4823,4724,4831,4815,4846,4847,4830,4863,4782,4840,4800,4806,4840,4799,4869,4784,4842,4761,4827,4747,4818,4730,4743,4802,4804,4744,4731,4675,4680,4730,4664,4711,4686,4642,4727,4691,4666,4695,4721,4717,4716,4762,4749,4752,4733,4739,4735,4751,4709,4734,4678,4683,4669,4694,4691,4682,4676,4755,4615,4662,4666,4668,4702,4619,4625,4627,4644,4681,4616,4580,4594,4603,4557,4562,4545,4608,4584,4580,4553,4594,4561,4605,4585,4584,4622,4622,4549,4572,4590,4599,4527,4531,4563,4531,4616,4530,4574,4543,4493,4547,4535,4521,4515,4452,4464,4486,4452,4451,4437,4423,4407,4432,4484,4399,4449,4446,4393,4408,4399,4336,4373,4421,4436,4470,4435,4412,4381,4391,4440,4499,4402,4415,4424,4471,4440,4410,4448,4447,4406,4386,4389,4409,4433,4396,4424,4398,4325,4428,4389,4395,4394,4355,4381,4340,4330,4382,4326,4354,4339,4326,4374,4343,4317,4311,4323,4324,4287,4306,4299,4325,4344,4290,4268,4322,4259,4288,4292,4325,4341,4371,4335,4387,4292,4340,4316,4356,4323,4345,4323,4385,4286,4344,4325,4368,4363,4356,4320,4346,4311,4310,4340,4299,4292,4306,4293,4301,4241,4261,4294,4243,4251,4272,4270,4227,4288,4188,4229,4253,4186,4231,4237,4253,4268,4249,4229,4230,4206,4198,4263,4223,4199,4230,4215,4242,4220,4197,4160,4230,4257,4267,4237,4264,4238,4212,4227,4230,4217,4194,4227,4215,4167,4215,4219,4189,4193,4218,4133,4174,4129,4165,4126,4174,4166,4158,4083,4053,4139,4107,4103,4068,4091,4067,4118,4090,4072,4040,4038,4071,4148,3993
10599,10624,10637,10585,10591,10609,10451,10639,10555,10532,10598,10523,10651,10535,10547,10438,10508,10529,10517,10567,10497,10592,10531,10428,10537,10504,10389,10533,10303,10536,10506,10324,10403,10429,10403,10379,10415,10301,10343,10418,10366,10347,10250,10310,10278,10318,10416,10439,10267,10319,10311,10236,10316,10281,10289,10378,10323,10326,10319,10299,10262,10230,10183,10293,10364,10268,10184,10248,10164,10182,10211,10216,10259,10160,10135,10188,10182,10036,10142,10031,10046,10108,9989,10051,10100,10083,9970,10020,10057,9943,9949,9970,9963,10079,9937,9977,9939,9849,9899,9964,9947,9957,9818,9902,9973,9913,9887,9905,9872,9921,9881,9917,9861,9706,9815,9853,9824,9769,9836,9803,9712,9734,9845,9773,9715,9702,9786,9643,9773,9531,9705,9625,9627,9644,9565,9649,9486,9565,9499,9581,9483,9497,9531,9492,9524,9401,9559,9589,9454,9438,9523,9431,9506,9570,9407,9470,9403,9346,9423,9493,9336,9547,9401,9431,9373,9395,9396,9367,9407,9379,9335,9423,9333,9327,9319,9359,9369,9278,9256,9273,9206,9299,9281,9271,9191,9209,9237,9187,9191,9270,9156,9107,9085,9081,9241,9166,9125,9022,9011,9092,9151,9093,9063,9043,8984,9011,9028,9041,9063,9027,9049,8926,8874,9029,8931,9017,8982,9025,9011,9025,8887,8901,8928,8967,8983,8931,8930,8922,8940,8928,8923,8895,8871,8848,8872,8747,8866,8870,8820,8789,8889,8842,8768,8698,8795,8757,8862,8709,8689,8733,8658,8638,8782,8733,8657,8734,8680,8684,8662,8605,8591,8587,8518,8535,8580,8626,8595,8574,8588,8562,8578,8528,8477,8478,8378,8529,8476,8560,8504,8433,8372,8430,8483,8394,8368,8420,8394,8408,8435,8373,8411,8378,8380,8355,8365,8370,8239,8228,8348,8379,8275,8278,8265,8390,8267,8264,8252,8247,8347,8206,8206,8186,8240,8175,8211,8129,8162,8098,8196,8105,8151,8170,8064,8128,8067,8092,8053,8048,8014,8058,7961,8022,7978,7940,7882,7928,7983,8033,7998,7938,7882,7921,7894,7899,7856,7879,7931,7887,7897,7814,7869,7871,7783,7874,7927,7752,7811,7800,7771,7834,7792,7753,7698,7737,7677,7687,7662,7807,7793,7666,7617,7761,7678,7707,7678,7665,7691,7689,7768,7691,7647,7606,7642,7665,7689,7646,7632,7576,7567,7560,7659,7636,7563,7521,7525,7518,7519,7549,7495,7559,7423,7599,7537,7525,7540,7470,7443,7477,7508,7381,7449,7524,7398,7430,7403,7437,7456,7483,7436,7303,7434,7292,7391,7368,7321,7254,7402,7377,7384,7296,7372,7320,7383,7417,7362,7345,7422,7317,7274,7240,7316,7298,7350,7343,7241,7255,7313,7300,7311,7303,7164,7147,7233,7278,7235,7231,7218,7213,7154,7084,7158,7167,7118,7197,7153,7144,7128,7125,7153,7161,7183,7108,7094,7102,7064,7084,7050,7047,7010,7090,7011,7051,7042,7056,7041,7062,7044,7014,6962,7112,6951,7062,6947,6924,7065,6959,6872,6940,7026,6916,6945,6913,6942,6906,6933,6917,6843,6851,6827,6832,6848,6888,6795,6826,6849,6742,6804,6768,6744,6679,6784,6775,6746,6743,6668,6615,6681,6569,6660,6715,6608,6588,6667,6675,6603,6639,6541,6577,6591,6539,6539,6497,6545,6608,6500,6518,6543,6539,6518,6504,6545,6451,6462,6467,6461,6358,6481,6377,6371,6354,6408,6352,6349,6357,6373,6383,6384,6332,6277,6316,6336,6306,6264,6297,6372,6281,6264,6281,6239,6204,6217,6249,6192,6201,6229,6246,6192,6210,6179,6144,6140,6178,6170,6128,6077,6105,6147,6142,6154,6129,6132,6150,6144,6124,6189,6095,5996,6080,6113,6103,6097,6033,6019,6020,6030,5978,5982,6021,6025,6023,6039,5991,6037,6036,6004,5915,6027,5993,5928,6006,6004,5984,5996,6020,5999,5950,5961,5917,5888,5871,5959,5882,5858,5927,5922,5879,5828,5857,5816,5835,5787,5790,5835,5841,5893,5882,5838,5788,5791,5733,5831,5824,5776,5817,5844,5781,5794,5730,5700,5719,5723,5705,5784,5656,5593,5666,5686,5636,5681,5670,5627,5617,5634,5669,5587,5599,5604,5626,5600,5654,5609,5552,5602,5614,5657,5576,5563,5549,5541,5580,5542,5515,5576,5544,5512,5440,5539,5530,5511,5506,5547,5523,5518,5486,5519,5492,5446,5517,5479,5484,5410,5491,5494,5449,5457,5531,5435,5412,5455,5444,5367,5414,5389,5445,5442,5397,5410,5432,5335,5384,5371,5359,5398,5290,5379,5370,5429,5355,5358,5371,5274,5320,5363,5294,5318,5303,5272,5302,5312,5323,5270,5290,5321,5228,5257,5298,5261,5246,5275,5270,5207,5258,5199,5280,5241,5230,5224,5269,5206,5217,5211,5170,5195,5124,5137,5141,5166,5161,5082,5132,5105,5156,5094,5156,5144,5062,5113,5096,5120,5127,5093,5066,5063,5074,5091,5099,5075,5046,5037,5049,5062,5058,5019,5024,5067,5042,5014,5091,4944,5027,5022,4980,5025,5076,4955,5013,4956,4975,4974,4968,4983,4995,4941,4942,4983,4949,4973,4999,4866,4958,4932,4901,4904,4855,4980,4853,4867,4870,4895,4911,4877,4863,4912,4889,4815,4868,4841,4864,4867,4838,4826,4824,4867,4822,4827,4804,4859,4776,4756,4837,4709,4752,4820,4750,4754,4728,4739,4764,4715,4769,4701,4781,4743,4806,4750,4726,4756,4728,4696,4654,4674,4665,4699,4699,4642,4664,4659,4685,4596,4621,4631,4663,4609,4621,4600,4625,4634,4554,4606,4571,4628,4601,4605,4612,4618,4606,4589,4606,4579,4559,4597,4560,4478,4549,4525,4585,4573,4543,4544,4518,4544,4455,4548,4499,4546,4451,4499,4534,4518,4443,4513,4475,4490,4448,4448,4474,4469,4482,4459,4404,4508,4473,4425,4471,4496,4444,4437,4412,4377,4418,4410,4442,4358,4392,4365,4420,4442,4459,4377,4352,4396,4374,4383,4408,4399,4370,4368,4336,4279,4397,4340,4336,4353,4347,4424,4370,4270,4378,4306,4310,4317,4309,4278,4334,4326,4264,4274,4276,4300,4269,4244,4246,4296,4236,4267,4241,4184,4243,4282,4224,4211,4221,4258,4221,4234,4224,4220,4274,4187,4161,4240,4239,4215,4209,4183,4254,4178,4199,4126,4175,4153,4211,4178,4154,4146,4158,4142,4079,4108,4145,4080,4142,4086,4156,4118,4112,4087,4131,4110,4053,4081,4093,4049,4084,4066,4079,4070,4050,4091,4103,4061,4041,4102,4051,4111,4009,4075,4046,3979,3966,4015,4018,4016,4012,4000,4037,3985,4015,4016,4009,4004,3990,4009,3984,3999,3983,3969,3959,3938,3912,3916,3936,3920,3948,3952,3928,3922,3856,3939,3914,3926,3901,3922,3903,3906,3913,3857,3981,3921,3911,3889,3900,3865,3854,3924,3840,3891,3817,3871,3843,3840,3829,3809,3833,3838,3823,3784,3810,3870,3787,3800,3814,3832,3808,3777,3790,3835,3828,3760,3796,3769,3731,3781,3768,3745,3735,3694,3741,3758,3697,3756,3744,3723,3724,3726,3752,3746,3713,3741,3691,3761,3726,3743,3702,3712,3665,3700,3701,3694,3706,3710,3722,3641,3634,3632,3629,3644,3645,3649,3671,3696,3625,3682,3664,3661,3606,3669,3642,3632,3602,3617,3658,3675,3650,3624,3634,3615,3601,3588,3555,3585,3605,3566,3574,3601,3529,3558,3566,3598,3519,3572,3577,3599,3538,3574,3589,3517,3563,3517,3549,3593,3549,3517,3570,3510,3522,3527,3549,3541,3522,3493,3478,3500,3496,3475,3541,3493,3483,3479,3484,3467,3528,3461,3467,3492,3455,3481,3480,3460,3459,3482,3494,3475,3459,3476,3454,3461,3421,3434,3409,3459,3436,3398,3441,3435,3408,3443,3416,3423,3396,3470,3437,3469,3381,3404,3399,3400,3415,3425,3425,3450,3401,3400,3417,3392,3383,3376,3399,3392,3390,3373,3370,3386,3364,3347,3394,3366,3382,3372,3342,3353,3334,3363,3335,3338,3337,3396,3412,3336,3348,3345,3325,3371,3332,3310,3350,3327,3299,3297,3284,3319,3361,3318,3320,3276,3278,3250,3277,3265,3259,3267,3259,3247,3272,3248,3246,3249,3257,3292,3243,3276,3244,3259,3254,3243,3293,3344,3239,3273,3202,3222,3219,3223,3237,3204,3219,3203,3238,3173,3224,3215,3216,3259,3182,3218,3165,3191,3191,3226,3188,3226,3203,3163,3206,3141,3165,3158,3139,3192,3176,3168,3165,3179,3183,3167,3178,3139,3155,3142,3134,3137,3152,3124,3158,3171,3108,3134,3156,3134,3112,3156,3124,3185,3128,3133,3168,3123,3138,3154,3154,3105,3101,3112,3108,3079,3147,3102,3114,3129,3097,3084,3073,3066,3073,3110,3049,3056,3067,3092,3086,3098,3102,3127,3041,3076,3072,3073,3087,3108,3090,3069,3058,3032,3049,3058,3040,3081,3029,3036,3051,3030,3063,3048,3038,3004,3035,3068,3014,3056,3032,3010,3063,3014,3042,3022,3024,3014,3003,3031,3037,3019,3002,3010,3055,2958,3022,3037,3016,3013,2990,2981,2976,2971,2980,2972,2949,2923,2985,2984,2983,2960,2982,2976,2970,3002,2986,2964,2981,2956,2982,2960,2930,2965,3009,2997,2957,2959,2934,2933,2933,2915,2893,2944,2923,2924,2890,2921,2901,2926,2915,2869,2907,2882,2903,2894,2870,2902,2913,2893,2921,2892,2890,2890,2879,2892,2917,2890,2897,2879,2883,2881,2914,2843,2837,2864,2844,2839,2844,2856,2859,2859,2855,2844,2832,2822,2825,2864,2857,2857,2880,2817,2801,2815,2850,2847,2868,2835,2843,2851,2860,2827,2795,2812,2885,2869,2832,2862,2822,2834,2839,2830,2824,2811,2834,2800,2812,2805,2795,2825,2789,2783,2779,2788,2767,2777,2803,2815,2767,2761,2783,2775,2800,2787,2773,2819,2820,2756,2757,2789,2763,2803,2779,2801,2751,2808,2713,2752,2789,2739,2757,2720,2752,2737,2761,2751,2743,2729,2740,2712,2747,2721,2711,2708,2731,2702,2743,2764,2716,2716,2748,2718,2701,2713,2731,2733,2703,2696,2728,2678,2707,2720,2704,2690,2707,2698,2698,2690,2701,2678,2714,2700,2689,2679,2661,2657,2659,2692,2694,2681,2679,2652,2679,2685,2701,2672,2681,2671,2668,2635,2666,2651,2656,2653,2677,2655,2612,2626,2652,2654,2628,2658,2619,2648,2623,2653,2647,2643,2652,2630,2634,2608,2635,2629,2611,2620,2594,2580,2595,2629,2585,2617,2595,2619,2572,2602,2561,2596,2602,2639,2594,2624,2611,2598,2624,2595,2602,2564,2582,2580,2608,2618,2601,2645,2601,2609,2597,2615,2588,2587,2590,2562,2598,2550,2582,2619,2567,2574,2583,2596,2553,2566,2555,2550,2571,2605,2558,2547,2553,2546,2544,2567,2577,2539,2538,2560,2561,2610,2550,2559,2556,2580,2583,2559,2529,2544,2549,2523,2575,2550,2525,2537,2530,2507,2499,2507,2540,2541,2477,2532,2512,2522,2492,2455,2483,2491,2530,2518,2519,2495,2520,2468,2481,2477,2491,2514,2502,2505,2503,2492,2519,2472,2499,2512,2471,2492,2525,2483,2473,2478,2510,2467,2465,2497,2465,2452,2446,2464,2443,2433,2451,2438,2425,2405,2424,2463,2433,2462,2426,2422,2450,2440,2412,2421,2419,2449,2413,2409,2433,2441,2419,2457,2449,2433,2442,2405,2446,2420,2451,2414,2448,2414,2452,2436,2445,2414,2444,2455,2414,2434,2427,2429,2396,2442,2430,2402,2395,2384,2421,2434,2423,2403,2389,2451,2382,2428,2427,2384,2382,2419,2428,2412,2388,2394,2386,2398,2373,2387,2366,2380,2415,2418,2402,2395,2392,2386,2386,2411,2420,2428,2428,2384,2406,2399,2381,2371,2416,2377,2401,2364,2392,2398,2389,2370,2371,2350,2375,2393,2353,2371,2378,2377,2375,2327,2362,2362,2361,2363,2380,2372,2383,2370,2353,2349,2377,2355,2346,2350,2340,2367,2336,2363,2367,2347,2330,2363,2332,2359,2371,2377,2344,2369,2367,2344,2353,2379,2371,2334,2359,2323,2346,2329,2332,2329,2361,2315,2312,2353,2347,2334,2311,2360,2354,2323,2279,2316,2280,2324,2303,2305,2309,2317,2297,2297,2307,2326,2297,2320,2296,2305,2336
11897,11859,11992,11877,11742,11826,11969,11980,11919,12099,11888,11942,11912,11726,11596,11418,11444,11385,11299,11362,11339,11277,11470,11424,11303,11264,11320,11363,11296,11410,11371,11200,11132,11232,11292,11013,10876,10963,10878,10876,10860,10903,10893,10976,10791,10645,10709,10773,10879,10844,10960,11103,11101,10950,10833,10997,10833,10779,10775,10758,10810,10866,10755,10846,10876,10830,10778,10788,10870,10783,10779,10677,10585,10545,10575,10577,10583,10590,10582,10530,10477,10564,10419,10577,10471,10463,10627,10667,10569,10545,10531,10456,10617,10492,10477,10460,10472,10479,10547,10440,10445,10414,10516,10439,10477,10456,10469,10467,10493,10517,10507,10502,10577,10479,10542,10542,10589,10553,10599,10517,10470,10592,10505,10570,10498,10467,10494,10441,10461,10515,10470,10585,10490,10532,10512,10419,10415,10470,10451,10439,10483,10523,10436,10523,10470,10401,10570,10500,10355,10448,10445,10504,10437,10392,10512,10495,10526,10500,10429,10564,10489,10479,10526,10538,10612,10591,10500,10575,10549,10616,10571,10534,10658,10670,10596,10490,10411,10488,10579,10478,10499,10613,10613,10512,10572,10436,10542,10577,10609,10549,10466,10637,10542,10526,10578,10552,10451,10505,10551,10475,10546,10557,10566,10541,10530,10379,10564,10548,10510,10456,10478,10578,10454,10579,10518,10638,10575,10460,10577,10631,10520,10624,10503,10676,10623,10530,10551,10446,10509,10471,10685,10500,10629,10585,10562,10461,10559,10504,10483,10549,10488,10523,10508,10458,10438,10447,10460,10440,10431,10598,10391,10530,10508,10440,10386,10412,10464,10404,10464,10403,10415,10359,10323,10370,10255,10413,10415,10255,10331,10287,10231,10175,10220,10275,10238,10234,10195,10253,10207,10199,10098,10196,10147,10157,10000,10095,10108,10001,10179,10094,10025,10044,10066,10056,10061,10043,9986,10102,10089,10127,10041,9953,9969,10008,10130,10006,10042,10018,9947,10036,9942,9941,10089,9886,9963,9991,10017,9974,9933,10045,10033,9982,9883,9930,9932,9896,9923,9862,9940,9786,9866,9941,9856,9879,9915,9921,9859,9822,9807,9851,9928,9838,9815,9918,9937,9928,9912,9837,9882,9781,9840,9842,9900,9938,9915,9947,9824,9839,9818,9843,9820,9973,9979,9915,9881,9899,9937,9860,9898,9840,9857,9880,9886,9738,9852,9842,9793,9862,9793,9859,9893,9927,9859,9748,9800,9773,9807,9822,9775,9843,9807,9786,9718,9756,9766,9779,9720,9742,9691,9758,9666,9698,9752,9766,9819,9719,9739,9586,9697,9600,9727,9717,9678,9608,9761,9616,9719,9691,9711,9646,9652,9676,9642,9668,9682,9643,9540,9671,9671,9693,9637,9643,9569,9662,9615,9579,9683,9724,9653,9714,9579,9723,9706,9698,9707,9649,9639,9670,9657,9615,9652,9560,9540,9627,9639,9670,9627,9586,9591,9597,9461,9735,9641,9616,9603,9489,9560,9570,9501,9563,9618,9534,9554,9412,9516,9446,9512,9587,9513,9453,9532,9521,9477,9620,9471,9459,9434,9497,9416,9501,9434,9430,9505,9435,9403,9513,9360,9431,9364,9410,9474,9430,9530,9467,9445,9461,9388,9441,9506,9497,9426,9426,9474,9381,9492,9502,9401,9380,9395,9371,9424,9379,9347,9492,9382,9388,9310,9372,9392,9443,9333,9260,9256,9319,9392,9383,9431,9360,9376,9395,9334,9366,9456,9360,9331,9361,9312,9304,9384,9303,9390,9378,9336,9198,9339,9311,9312,9327,9343,9276,9381,9315,9381,9323,9265,9247,9366,9284,9210,9162,9333,9295,9299,9203,9181,9186,9169,9228,9171,9226,9250,9259,9157,9161,9222,9144,9098,9330,9117,9092,9228,9174,9161,9134,9114,9086,9087,9063,9059,9027,9002,8967,9079,9011,9020,9111,9055,9072,9130,9095,9083,9071,9073,9024,9076,9123,9074,8994,9091,8953,8977,8980,9102,9045,9029,8992,9087,9011,8921,9067,9018,9011,8969,9040,9021,9033,8980,9045,8960,9022,9013,8958,8940,8997,8924,8945,8943,8905,8886,8819,8896,8883,8912,8938,8903,8961,8943,8983,8913,8912,8850,8894,8916,8774,8847,8915,8953,8848,8808,8885,8924,8747,8775,8709,8825,8839,8849,8789,8790,8842,8621,8749,8720,8808,8741,8743,8770,8776,8657,8721,8722,8639,8727,8655,8736,8761,8774,8698,8721,8688,8648,8669,8642,8755,8625,8678,8639,8585,8657,8561,8579,8640,8610,8574,8576,8580,8595,8541,8555,8638,8603,8685,8667,8628,8675,8647,8561,8688,8638,8561,8592,8596,8578,8613,8580,8473,8538,8614,8570,8559,8632,8586,8551,8494,8501,8519,8533,8557,8572,8581,8612,8559,8544,8580,8565,8611,8530,8517,8519,8568,8434,8509,8521,8549,8629,8473,8476,8475,8509,8496,8431,8498,8538,8579,8473,8462,8437,8483,8452,8460,8391,8426,8392,8484,8414,8441,8416,8423,8454,8375,8421,8395,8498,8422,8331,8412,8402,8343,8336,8356,8399,8361,8365,8351,8371,8328,8384,8419,8259,8376,8272,8300,8374,8318,8344,8277,8319,8244,8362,8297,8290,8307,8290,8353,8322,8379,8216,8385,8312,8257,8183,8341,8255,8264,8190,8230,8315,8159,8347,8208,8242,8266,8241,8317,8391,8234,8237,8208,8256,8208,8318,8281,8211,8345,8182,8195,8283,8242,8149,8141,8115,8119,8187,8241,8159,8220,8189,8138,8215,8111,8246,8222,8095,8119,8144,8180,8130,8003,8131,8127,8147,8134,8095,8184,8143,8014,8082,8112,8056,8099,8176,8096,8129,8108,8042,8139,8144,8106,8040,8090,8040,8078,8080,8096,8062,8044,7951,8022,8070,8055,8041,8106,8071,8044,8074,8080,8141,8111,8091,8155,8083,8087,8038,8199,8058,8167,8134,8067,8079,8148,8070,8155,8025,8091,8097,8132,8106,8144,8111,8121,8172,8060,8126,8167,8058,8121,8217,8119,8124,8162,8141,8121,8108,8128,8143,8154,8142,8218,8143,8113,8195,8126,8081,8187,8152,8104,8199,8160,8113,8170,8135,8175,8094,8151,8041,8142,8128,8113,8089,8113,7992,8111,8090,8078,8108,8067,8086,8095,8041,8083,7999,8004,8012,8045,7971,7901,7982,8049,7945,8036,7951,8026,7973,7969,7942,7880,7920,7933,7845,7934,7924,7932,7878,7953,7873,7885,7811,7902,7876,7941,7862,7972,7907,7859,7894,7808,7850,7761,7831,7826,7816,7818,7792,7860,7846,7851,7826,7763,7732,7805,7831,7810,7677,7788,7652,7730,7794,7722,7704,7736,7713,7650,7699,7714,7768,7791,7652,7713,7732,7697,7623,7655,7613,7576,7662,7602,7647,7694,7653,7652,7644,7558,7635,7669,7660,7594,7549,7559,7511,7666,7520,7518,7535,7518,7539,7535,7564,7513,7492,7505,7427,7451,7405,7416,7501,7438,7517,7361,7382,7443,7512,7373,7438,7502,7438,7408,7423,7463,7453,7312,7370,7348,7405,7448,7461,7341,7426,7366,7408,7248,7358,7319,7301,7284,7308,7372,7403,7322,7378,7351,7260,7338,7336,7339,7277,7322,7340,7305,7297,7370,7342,7260,7320,7291,7346,7273,7232,7241,7333,7268,7395,7311,7200,7323,7306,7326,7226,7302,7340,7353,7284,7291,7369,7413,7294,7304,7328,7340,7336,7286,7295,7364,7379,7305,7262,7400,7300,7291,7226,7326,7315,7289,7298,7290,7289,7305,7276,7316,7270,7218,7181,7249,7249,7319,7208,7164,7126,7200,7175,7181,7169,7097,7103,7007,7056,7088,7083,7047,7152,7047,6978,7018,7064,7020,6974,7064,7006,6959,7054,7038,7096,7027,7003,7040,6977,7102,6994,7041,7015,6883,6955,6996,6887,6964,6905,6878,6925,6939,6870,7013,6936,6919,6888,6971,6911,6961,6935,6953,7011,6864,6973,6905,6971,6913,6879,6899,6888,6880,6943,6952,6880,6934,6911,6870,6880,6832,6874,6900,6916,6887,6869,6837,6832,6878,6911,6869,6895,6920,6864,6837,6801,6878,6865,6907,6871,6860,6844,6819,6792,6819,6742,6730,6875,6860,6746,6707,6782,6726,6788,6747,6740,6757,6768,6802,6796,6733,6824,6803,6774,6783,6810,6796,6721,6847,6814,6741,6743,6785,6773,6807,6749,6669,6720,6751,6670,6680,6701,6766,6667,6696,6674,6691,6677,6678,6671,6669,6728,6713,6754,6709,6674,6677,6641,6645,6614,6702,6674,6596,6628,6639,6664,6600,6559,6643,6678,6626,6604,6559,6576,6576,6627,6553,6518,6591,6487,6588,6581,6524,6526,6564,6559,6528,6517,6606,6554,6494,6547,6608,6543,6561,6518,6512,6473,6588,6474,6499,6494,6491,6434,6480,6510,6499,6507,6453,6539,6522,6492,6571,6462,6452,6520,6434,6436,6510,6507,6473,6409,6442,6401,6398,6357,6395,6402,6360,6427,6360,6380,6269,6347,6284,6315,6312,6315,6347,6349,6233,6284,6352,6316,6333,6321,6278,6336,6281,6285,6302,6315,6320,6255,6249,6288,6243,6200,6265,6198,6218,6277,6198,6205,6156,6108,6126,6167,6169,6151,6133,6144,6122,6123,6140,6112,6181,6167,6174,6108,6190,6098,6111,6059,6161,6135,6109,6041,6038,6037,6006,6084,6105,5980,6022,6012,6010,6026,6032,5949,5915,5954,6032,5969,6015,5993,5965,6023,5962,6032,5962,5944,6020,5925,5921,5967,5916,5984,5987,5991,5950,5887,5904,5915,5885,5880,5899,5810,5852,5830,5787,5862,5866,5824,5851,5804,5821,5823,5803,5839,5833,5805,5775,5772,5812,5782,5835,5790,5809,5838,5771,5843,5759,5775,5751,5708,5770,5858,5739,5747,5747,5724,5658,5716,5757,5696,5739,5660,5661,5694,5702,5621,5689,5616,5710,5655,5648,5722,5700,5659,5684,5635,5619,5702,5651,5631,5724,5698,5663,5730,5689,5712,5714,5626,5675,5649,5607,5642,5675,5604,5592,5646,5628,5632,5610,5603,5585,5540,5581,5599,5635,5553,5559,5607,5618,5596,5618,5557,5595,5596,5577,5573,5560,5595,5584,5599,5636,5575,5581,5520,5531,5519,5491,5524,5438,5442,5494,5441,5472,5511,5470,5464,5482,5474,5465,5444,5427,5432,5422,5523,5485,5415,5439,5406,5515,5397,5410,5390,5515,5446,5457,5453,5416,5379,5395,5444,5432,5395,5397,5391,5373,5383,5421,5338,5366,5361,5336,5332,5320,5293,5338,5264,5273,5275,5301,5299,5343,5322,5299,5334,5254,5275,5300,5278,5285,5262,5299,5256,5306,5303,5279,5313,5332,5333,5288,5252,5281,5283,5201,5265,5199,5264,5172,5209,5214,5209,5139,5159,5144,5144,5118,5179,5163,5162,5182,5175,5184,5208,5129,5202,5161,5092,5201,5201,5156,5155,5102,5215,5175,5178,5145,5139,5194,5126,5155,5118,5145,5116,5208,5151,5119,5151,5137,5075,5088,5122,5074,5094,5090,5050,5026,5072,5045,5056,5035,5026,5035,5051,5095,5013,4996,4998,5066,5052,5094,5109,5104,5042,5057,5034,5059,5050,5064,5057,5043,5031,5102,5069,5024,5024,5048,5098,5013,5079,4949,4946,5003,4906,4963,5054,4991,5001,4918,5037,4921,4926,4907,4920,4930,4884,4893,4889,4769,4922,4855,4893,4910,4953,4852,4896,4826,4924,4877,4910,4880,4907,4904,4909,4849,4824,4856,4867,4932,4869,4881,4807,4893,4863,4790,4809,4817,4760,4765,4780,4694,4773,4751,4752,4758,4701,4713,4702,4690,4740,4729,4688,4685,4730,4710,4651,4744,4714,4746,4731,4691,4706,4774,4696,4739,4759,4740,4698,4762,4737,4701,4686,4730,4711,4695,4731,4753,4667,4613,4707,4682,4676,4602,4724,4626,4645,4668,4674,4612,4653,4599,4572,4660,4643,4604,4623,4607,4591,4534,4613,4633,4550,4579,4592,4563,4498,4549,4590,4601,4595,4593,4645,4589,4660,4666,4645,4619,4613,4623,4652,4649,4583,4693,4631,4648,4703,4558,4620,4634,4595,4615,4547,4598,4592,4549,4609,4614,4564,4568,4522,4511,4521,4546,4515,4512,4435,4509,4474,4453,4488,4457,4474,4521,4467,4470,4501,4460,4535,4498,4526,4491,4495,4467,4458,4481,4466,4476,4481,4541,4503,4485,4515,4526,4480,4498,4563,4471,4441,4481,4470,4463,4461,4471,4513,4487,4493,4474,4428,4431,4395,4424,4406,4407,4351,4419,4343,4347,4390,4441,4378,4324,4352,4318,4330,4358,4281,4321,4304,4326,4328,4295
23151,23270,23128,23088,23132,23220,22953,23140,23289,22986,23066,23132,23140,23025,22950,23002,23013,23075,23146,22847,22870,22889,22878,22816,22892,22903,22783,22722,22673,22749,22704,22570,22483,22657,22647,22718,22525,22665,22658,22534,22527,22445,22465,22586,22392,22363,22534,22304,22544,22399,22386,22416,22384,22491,22315,22483,22291,22399,22246,22295,22378,22308,22331,22132,22131,22267,22099,22139,22155,22159,22032,22189,22016,22109,22270,22080,22023,22019,21867,21841,21926,21857,21617,22044,21693,21637,21666,21790,21638,21527,21518,21679,21501,21536,21587,21329,21462,21624,21478,21347,21611,21488,21373,21328,21413,21331,21225,21381,21309,21263,21385,21275,21342,21257,21232,21186,21186,21076,21125,21288,21010,20973,21010,20984,20964,20946,20902,20858,20916,20810,20739,20674,20764,20762,20619,20571,20546,20599,20531,20499,20578,20426,20298,20469,20406,20392,20250,20261,20346,20382,20337,20270,20210,20194,20331,20186,20214,20442,20069,20053,20229,20031,20112,20131,20004,20075,20205,19974,20002,19949,20063,19867,19886,19806,19787,19864,19767,19800,19814,19780,19664,19745,19721,19571,19700,19686,19722,19636,19662,19589,19589,19473,19584,19405,19350,19365,19299,19340,19197,19181,19393,19292,19244,19251,19375,19291,19277,19254,19156,19242,19062,19173,19115,19113,19186,19027,18987,19038,19072,19077,19133,19005,18867,19112,18923,19016,18954,18963,18870,18811,18870,18916,18755,18922,18899,18875,18748,18780,18830,18773,18698,18549,18675,18579,18502,18373,18345,18385,18316,18357,18360,18194,18221,18200,18420,18359,18238,18253,18202,18190,18138,18050,18076,18023,17915,17828,17991,17803,17935,17877,17922,17896,17789,17729,17751,17728,17809,17767,17726,17749,17812,17765,17706,17554,17758,17569,17517,17380,17486,17559,17485,17516,17442,17619,17482,17484,17534,17352,17454,17427,17263,17306,17216,17433,17432,17372,17302,17063,17162,17094,17248,17196,16946,16923,17082,17121,17031,17018,16977,16915,16899,16903,16812,16854,16837,16814,16615,16732,16657,16683,16732,16658,16531,16505,16443,16420,16465,16512,16464,16330,16304,16355,16361,16276,16374,16485,16369,16352,16208,16265,16254,16157,16092,16100,16219,16107,16066,16099,16030,16060,16071,16170,16129,16136,16065,16006,15961,15952,15822,15994,15887,15896,15974,15842,15854,15852,15850,15740,15791,15807,15824,15884,15721,15790,15745,15691,15503,15693,15539,15574,15607,15571,15640,15462,15538,15456,15431,15539,15431,15448,15298,15335,15443,15221,15510,15315,15274,15292,15193,15357,15389,15343,15225,15253,15224,15242,15155,15165,15168,15185,15235,15210,15134,15198,15134,15096,15074,15186,15155,15093,15034,15134,15106,15065,15015,15020,15059,15029,15022,14974,14938,14947,14926,14963,14900,14936,14877,14928,14970,14858,14893,14828,14952,14837,14848,14810,14647,14615,14775,14707,14742,14641,14726,14635,14609,14608,14569,14543,14639,14486,14474,14414,14412,14432,14424,14427,14317,14441,14418,14375,14366,14363,14338,14391,14354,14360,14398,14258,14170,14231,14212,14198,14165,14270,14252,14250,14095,14134,14151,14040,14023,14084,14129,14017,13953,14080,13931,13892,13831,13912,13694,13728,13682,13737,13650,13582,13598,13700,13522,13602,13532,13360,13406,13348,13517,13405,13349,13387,13269,13353,13386,13299,13300,13176,13366,13230,13279,13281,13013,13072,13075,13085,13065,13027,12988,12899,12920,12959,13090,12837,12869,12935,12956,12803,12864,12848,12688,12713,12694,12763,12763,12681,12658,12640,12586,12699,12492,12466,12459,12517,12449,12391,12477,12475,12441,12382,12316,12402,12346,12369,12306,12312,12407,12260,12165,12242,12174,12147,12288,12077,12141,12098,12090,12007,12022,12010,12059,11996,12062,11986,11995,12006,12048,11946,12017,11840,11999,11981,11923,12021,11963,11890,11965,11909,11900,11877,11919,11857,11795,11752,11728,11792,11784,11689,11725,11800,11711,11733,11659,11671,11680,11621,11547,11550,11632,11511,11587,11462,11536,11433,11548,11427,11404,11461,11371,11383,11332,11414,11357,11272,11216,11332,11252,11247,11241,11254,11226,11206,11239,11231,11122,11230,11187,11171,11142,11130,10986,11099,11130,11126,11107,11001,10956,10947,10967,10879,10934,10898,11014,10793,10896,10775,10824,10761,10733,10744,10842,10766,10737,10727,10681,10711,10763,10851,10673,10675,10705,10712,10635,10661,10586,10641,10539,10623,10554,10526,10541,10412,10530,10536,10459,10565,10470,10431,10488,10427,10335,10488,10252,10331,10337,10463,10431,10394,10283,10282,10209,10242,10316,10303,10311,10262,10317,10222,10237,10278,10227,10243,10159,10134,10163,10171,10148,10221,10146,10048,10034,10047,10055,10103,10101,10073,10033,10033,10049,10069,9947,9899,9936,9952,9924,9869,9908,9975,9830,9888,9853,9836,9770,9765,9808,9855,9734,9688,9710,9711,9627,9649,9650,9673,9814,9542,9672,9562,9624,9647,9587,9542,9559,9537,9572,9554,9564,9457,9446,9579,9499,9525,9432,9441,9507,9493,9447,9349,9401,9426,9410,9382,9331,9353,9340,9382,9289,9360,9365,9244,9289,9353,9372,9186,9243,9300,9241,9224,9298,9354,9244,9295,9214,9179,9149,9111,9139,9169,9072,9066,9117,9085,9144,9071,9089,9020,9048,9127,9033,9081,9091,8994,8927,9056,8867,8934,9033,8994,8861,8899,8834,8857,8859,8857,8758,8860,8851,8833,8810,8719,8710,8715,8690,8842,8779,8736,8614,8700,8621,8660,8730,8762,8675,8659,8621,8675,8479,8582,8557,8531,8519,8470,8650,8520,8436,8481,8448,8452,8505,8413,8351,8346,8350,8317,8372,8330,8346,8349,8327,8272,8317,8260,8253,8303,8190,8245,8166,8201,8161,8224,8215,8177,8258,8179,8222,8158,8183,8199,8087,8058,8100,8111,7992,8113,8097,8147,8037,8110,7999,8092,8086,8027,8049,8048,8056,7979,7965,7937,8022,8045,7974,7932,7984,7935,7911,7892,7968,7928,7874,7912,7934,7915,7939,7931,7856,7793,7872,7750,7826,7890,7838,7879,7772,7842,7781,7669,7727,7745,7750,7722,7686,7725,7744,7716,7633,7713,7612,7683,7660,7602,7608,7602,7638,7619,7629,7588,7601,7683,7583,7575,7601,7501,7554,7528,7571,7515,7533,7467,7468,7457,7371,7487,7435,7466,7405,7520,7459,7456,7383,7382,7414,7354,7396,7326,7361,7331,7350,7319,7383,7286,7319,7348,7188,7275,7291,7241,7279,7196,7246,7181,7149,7209,7184,7207,7201,7153,7271,7131,7005,7097,7152,7149,7122,7143,7067,7094,7070,7092,6986,7049,7114,7100,7076,7073,7026,7057,7013,7011,7008,7035,6943,6918,6970,7026,7011,7006,6945,6992,6867,6915,6871,6926,6947,6871,6875,6838,6866,6941,6818,6824,6891,6801,6821,6828,6820,6715,6675,6717,6746,6743,6775,6658,6706,6665,6717,6646,6641,6712,6743,6685,6751,6641,6590,6700,6593,6574,6555,6563,6589,6530,6549,6584,6563,6511,6584,6505,6584,6562,6421,6487,6486,6480,6474,6518,6453,6479,6408,6465,6423,6380,6340,6375,6409,6460,6368,6346,6353,6333,6334,6335,6312,6267,6318,6277,6348,6341,6266,6314,6263,6392,6254,6299,6204,6246,6258,6325,6225,6276,6258,6287,6195,6222,6183,6149,6204,6137,6181,6151,6196,6168,6102,6115,6162,6150,6142,6066,6153,6119,6091,6103,6180,5992,6105,6060,6145,6113,6034,6084,6063,6026,6035,5999,6034,6043,5955,5956,5959,6018,5945,5931,5902,5969,5950,5889,5971,5850,5860,5941,5914,5942,5920,5844,5878,5835,5852,5902,5853,5902,5838,5820,5818,5874,5830,5841,5757,5751,5791,5736,5752,5802,5764,5740,5777,5716,5796,5737,5803,5739,5676,5773,5711,5767,5710,5761,5779,5745,5752,5683,5704,5651,5667,5675,5579,5603,5680,5617,5628,5645,5637,5655,5626,5591,5602,5544,5616,5630,5551,5542,5530,5603,5575,5574,5579,5597,5516,5533,5503,5532,5564,5484,5538,5513,5485,5554,5455,5516,5488,5456,5391,5470,5525,5428,5419,5430,5435,5467,5449,5442,5467,5427,5448,5423,5440,5388,5421,5441,5423,5328,5405,5423,5346,5399,5338,5370,5351,5356,5342,5353,5329,5252,5294,5271,5245,5336,5245,5283,5224,5275,5270,5272,5235,5286,5290,5197,5281,5200,5249,5253,5224,5187,5219,5195,5172,5245,5171,5179,5114,5158,5175,5109,5109,5034,5114,5068,5089,5079,5073,5103,5065,5075,5074,5153,5096,5074,5079,5074,5086,5003,5053,5074,5027,5054,4998,4994,4988,4958,5003,5018,5012,4952,4974,5025,4953,4972,4980,4938,4943,4928,4933,4934,4898,4969,4929,4896,5011,4954,4927,4925,4892,4890,4956,4881,4936,4907,4885,4849,4821,4862,4859,4864,4822,4894,4899,4806,4904,4830,4798,4803,4871,4816,4857,4865,4807,4827,4758,4774,4772,4808,4861,4883,4821,4862,4831,4860,4771,4823,4791,4752,4736,4736,4792,4807,4750,4818,4772,4734,4749,4727,4739,4662,4747,4715,4694,4774,4709,4702,4740,4756,4684,4683,4691,4749,4723,4688,4672,4651,4670,4677,4662,4708,4652,4564,4654,4615,4612,4615,4595,4578,4567,4593,4625,4551,4596,4557,4493,4563,4577,4564,4603,4537,4522,4575,4533,4595,4556,4571,4556,4546,4514,4529,4500,4469,4448,4444,4534,4478,4446,4465,4437,4485,4457,4411,4490,4370,4368,4434,4374,4391,4417,4458,4402,4390,4403,4358,4401,4348,4349,4440,4389,4362,4413,4449,4333,4364,4378,4388,4371,4315,4320,4344,4260,4312,4344,4335,4294,4275,4286,4291,4250,4304,4292,4261,4280,4211,4296,4286,4234,4286,4219,4238,4249,4290,4273,4270,4258,4268,4226,4229,4274,4292,4257,4235,4265,4165,4237,4242,4203,4190,4187,4208,4248,4168,4197,4181,4151,4145,4168,4173,4187,4212,4163,4135,4114,4147,4162,4162,4140,4175,4168,4209,4175,4143,4132,4180,4114,4121,4185,4098,4130,4092,4094,4048,4113,4073,4085,4103,4049,4067,4078,4059,4055,4044,4015,4023,4027,4023,4032,4033,3997,4009,4041,4052,4017,3994,3973,3979,4005,4055,3985,4035,3971,3994,3962,3946,3986,3984,3946,3957,3949,3907,3953,4008,3979,4021,3933,3922,3898,3913,3871,3887,3897,3905,3894,3885,3874,3844,3823,3839,3898,3848,3908,3856,3881,3839,3821,3886,3839,3871,3831,3840,3853,3809,3850,3795,3759,3797,3832,3768,3818,3781,3817,3765,3760,3769,3760,3783,3754,3772,3709,3741,3734,3744,3729,3727,3736,3703,3724,3749,3721,3736,3721,3703,3744,3722,3748,3738,3751,3739,3733,3726,3721,3752,3712,3718,3748,3721,3757,3697,3717,3696,3674,3713,3708,3719,3708,3696,3677,3664,3650,3638,3629,3654,3673,3636,3699,3661,3646,3657,3677,3662,3640,3627,3624,3627,3641,3656,3612,3632,3663,3569,3576,3617,3657,3612,3647,3616,3605,3597,3593,3559,3637,3620,3607,3570,3519,3553,3527,3576,3536,3576,3553,3559,3521,3508,3515,3522,3521,3471,3525,3425,3496,3472,3458,3507,3485,3522,3472,3475,3539,3506,3485,3493,3451,3470,3490,3467,3435,3479,3434,3436,3486,3451,3448,3455,3422,3427,3461,3410,3412,3409,3366,3400,3389,3364,3385,3343,3312,3370,3386,3348,3355,3299,3366,3339,3298,3325,3379,3347,3319,3414,3367,3303,3336,3338,3364,3318,3377,3325,3363,3303,3286,3325,3371,3341,3301,3257,3326,3306,3292,3333,3327,3291,3334,3280,3263,3283,3255,3252,3235,3242,3246,3300,3210,3262,3261,3249,3249,3258,3237,3253,3218,3256,3201,3243,3229,3242,3218,3188,3222,3253,3202,3241,3184,3168,3218,3244,3219,3239,3220,3194,3239,3254,3225,3232,3255,3226,3231,3199,3245,3238,3233,3220,3201,3235,3162,3200,3212,3175,3197,3178,3150,3147,3175,3154,3160,3140,3140,3172,3114,3176,3149,3101,3143,3134,3111,3110,3161,3167,3159,3105,3111,3136,3115,3127,3120,3153,3105,3086,3112,3100,3158,3115,3146,3078,3115,3137,3135,3136,3113,3125,3109,3097,3136,3076,3113,3078,3074,3075,3039,3084,3085,3063,3034,3071,3073,3047,3070,3013,3008,3053,3020,3065,3035,3030,3041,3047,3029,2991,2987,2988,3016,3034,2982,3035
17458,17422,17427,17583,17388,17447,17459,17279,17639,17586,17429,17294,17235,17243,17108,16963,16957,16870,16854,16907,16908,16926,16935,17013,16900,17092,17020,16955,16969,16910,16832,16876,16937,16879,16793,16639,16585,16382,16362,16390,16367,16524,16481,16369,16449,16449,16432,16373,16408,16488,16507,16660,16687,16477,16496,16611,16352,16402,16283,16386,16256,16342,16528,16631,16464,16452,16380,16331,16399,16448,16258,16159,16200,16251,16045,16236,16252,16192,16131,16179,16164,16144,16102,16130,16098,16158,15984,16184,16207,16097,16004,16160,15977,16110,16052,16034,16108,15927,16007,15919,16158,15956,16041,16084,16046,16059,16000,16132,16063,16136,16151,16147,16099,16103,16141,16158,16298,16259,16157,16073,16040,16253,16132,16255,16136,16066,16214,16096,16116,16080,16048,16031,16199,16135,16184,16212,16154,16149,16111,16080,16206,16116,16165,16040,16128,16123,16181,16151,16043,16158,16128,16163,16160,16204,16178,16108,16153,16154,16146,16232,16243,16346,16358,16374,16207,16262,16229,16266,16214,16252,16218,16187,16276,16242,16186,16336,16249,16222,16331,16378,16366,16250,16373,16291,16396,16395,16281,16285,16314,16364,16257,16282,16236,16283,16389,16466,16416,16295,16261,16390,16343,16487,16319,16374,16233,16466,16245,16224,16347,16345,16274,16313,16379,16425,16335,16441,16325,16407,16447,16380,16422,16469,16346,16406,16514,16424,16559,16379,16502,16574,16481,16460,16453,16346,16432,16567,16422,16431,16468,16438,16451,16505,16485,16361,16530,16283,16398,16336,16349,16294,16488,16326,16367,16434,16388,16496,16419,16409,16360,16370,16292,16325,16477,16335,16293,16283,16311,16234,16149,16030,16167,16147,16150,16118,16134,16222,16238,16257,16303,16138,16147,16242,16139,16046,16119,16083,16128,16213,16149,16000,16150,16188,16114,16127,16181,16164,16133,16215,16163,16032,16060,16080,16212,16082,16100,16122,16122,16118,16030,16161,16108,16107,16029,15960,15931,16089,16023,16044,16021,16154,16072,16065,16049,16174,16055,15859,15849,16026,15872,16033,15970,16012,15931,15799,16009,16043,15865,15949,15899,15825,15884,15836,15969,15806,15808,15856,15953,15897,15924,15873,15876,15849,15793,15875,15895,15884,15906,15927,16001,15940,15990,15951,15954,15902,15906,15865,15825,15907,15938,15875,15909,15907,16000,15975,15908,15806,15872,15868,15819,15814,15958,15919,15952,15833,15883,16008,15773,15976,15935,15881,15872,15846,15909,15806,15794,15918,15691,15867,15888,15842,15752,15799,15725,15773,15828,15724,15783,15937,15666,15723,15750,15834,15643,15793,15741,15711,15748,15777,15685,15659,15706,15732,15810,15723,15600,15693,15663,15753,15572,15663,15636,15733,15759,15687,15653,15603,15685,15678,15610,15638,15739,15750,15673,15678,15635,15812,15699,15661,15611,15748,15710,15693,15766,15567,15687,15708,15588,15538,15660,15553,15688,15537,15637,15582,15545,15657,15526,15566,15697,15643,15628,15561,15565,15557,15549,15555,15546,15632,15562,15410,15501,15580,15407,15458,15425,15433,15497,15526,15475,15424,15562,15387,15536,15520,15571,15474,15402,15400,15357,15403,15264,15498,15478,15335,15424,15560,15433,15490,15364,15461,15409,15283,15384,15352,15359,15464,15320,15191,15186,15286,15226,15392,15312,15346,15262,15105,15211,15313,15228,15276,15217,15322,15243,15162,15352,15209,15175,15322,15284,15287,15317,15197,15309,15434,15294,15268,15226,15254,15325,15372,15366,15277,15294,15268,15443,15298,15243,15301,15359,15344,15185,15233,15281,15275,15163,15322,15329,15153,15192,15277,15100,15165,15065,15113,15247,15116,15241,15247,15224,15234,15123,15193,15301,15341,15214,15189,15210,15142,15156,15135,15242,15088,15183,15063,15123,15092,15069,15120,15007,14991,14984,14929,14980,15001,14940,14971,14946,15060,15011,14966,15022,15083,15010,14839,14926,14995,15033,14837,15009,15045,14856,15049,14863,15030,14906,14949,15027,14874,14806,14925,14976,14968,15014,14871,15022,15051,14843,15014,14885,14909,14901,14791,14721,14777,14810,14909,14872,14776,14852,14879,14827,14886,14772,14834,14789,14873,14846,14851,14831,14818,14757,14774,14766,14764,14672,14615,14671,14622,14776,14840,14560,14574,14639,14614,14526,14470,14538,14643,14510,14423,14487,14453,14576,14531,14498,14450,14428,14503,14454,14523,14416,14467,14368,14389,14440,14497,14391,14400,14292,14324,14311,14305,14423,14364,14371,14437,14284,14286,14284,14346,14335,14323,14137,14292,14304,14402,14422,14357,14256,14305,14405,14403,14390,14393,14496,14465,14462,14525,14422,14351,14341,14484,14423,14425,14288,14123,14212,14158,14296,14243,14290,14247,14285,14166,14223,14267,14177,14317,14340,14176,14283,14303,14160,14198,14301,14337,14107,14191,14335,14163,14088,14134,14110,14120,14167,14092,14090,14058,14094,14125,14065,14077,14123,14056,14008,14125,13912,14040,13968,13951,14115,13988,13992,13901,13946,14023,13942,13950,13885,13843,13946,13883,13962,13856,13840,13858,13823,13841,13764,13697,13938,13839,13827,13861,13844,13795,13871,13780,13794,13737,13724,13648,13846,13753,13759,13821,13754,13661,13771,13669,13841,13792,13652,13755,13643,13752,13692,13647,13698,13723,13603,13595,13603,13713,13722,13693,13688,13702,13558,13711,13794,13703,13668,13593,13676,13780,13726,13569,13669,13655,13615,13572,13447,13584,13553,13412,13492,13570,13469,13501,13503,13381,13393,13448,13493,13449,13425,13447,13413,13377,13455,13474,13453,13434,13334,13259,13391,13252,13387,13389,13207,13319,13393,13253,13283,13268,13364,13340,13257,13348,13334,13311,13256,13316,13246,13265,13384,13305,13121,13202,13283,13219,13221,13337,13135,13162,13199,13257,13155,13204,13160,13222,13120,13212,13265,13299,13124,13269,13297,13231,13204,13247,13199,13313,13175,13105,13264,13347,13338,13269,13238,13239,13199,13184,13292,13228,13331,13121,13260,13324,13276,13308,13140,13212,13175,13205,13121,13273,13322,13189,13379,13336,13405,13257,13364,13303,13267,13158,13124,13382,13261,13279,13308,13282,13213,13303,13400,13223,13234,13348,13236,13364,13203,13315,13204,13276,13168,13334,13185,13277,13255,13279,13246,13257,13335,13129,13137,13182,13136,13141,13212,13253,13138,13226,13222,13121,13234,13120,13065,13022,13062,12964,13063,13121,12937,13065,12990,13067,12936,13029,13096,13002,13073,12947,12910,12995,13008,13022,12972,12943,12895,12916,12887,12947,12960,12919,12910,12908,12966,12874,12874,12863,12911,12807,12842,12817,12706,12789,12874,12765,12779,12693,12830,12812,12834,12775,12804,12679,12815,12686,12711,12573,12680,12607,12744,12744,12720,12679,12625,12671,12707,12676,12639,12688,12560,12588,12552,12645,12571,12528,12570,12559,12512,12431,12527,12437,12396,12471,12462,12348,12501,12301,12257,12293,12296,12354,12283,12236,12279,12271,12230,12284,12214,12215,12212,12064,12239,12154,12161,12199,12198,12153,12167,12054,12218,12265,12266,12145,12169,12207,12125,12074,12190,12083,12015,12096,12130,12097,11996,12015,12114,12011,12075,11969,11997,12086,12017,11944,12134,12096,12094,11970,12015,12168,12099,12103,12105,12014,11983,12018,11901,11853,11922,11934,11974,11950,11953,11928,12000,11968,11932,11973,11938,11902,11919,11987,12025,12009,12084,12021,12065,12026,12053,11984,12061,12039,12086,12071,12074,12089,12068,12112,11963,12126,12201,12111,12008,12086,12019,12021,12054,12128,11910,12064,11985,12025,11875,11990,11881,11882,11934,11813,11990,11907,11866,11802,11688,11756,11762,11675,11657,11575,11483,11550,11606,11580,11493,11506,11441,11526,11393,11426,11472,11400,11516,11465,11410,11380,11463,11468,11458,11333,11312,11387,11262,11339,11421,11369,11302,11232,11281,11281,11229,11256,11184,11196,11266,11238,11113,11317,11205,11168,11224,11348,11238,11125,11204,11343,11245,11231,11283,11172,11311,11262,11182,11189,11212,11107,11191,11099,11109,11090,11094,11081,11194,11088,11132,11097,11042,11011,11075,11005,11023,11136,11043,11224,11075,11205,11069,11090,11121,11188,10981,11017,11076,11048,11023,10973,11072,11080,10990,10995,10932,10818,10941,10906,10804,10922,10888,10864,10964,10997,10978,11001,10771,10867,10857,10861,10953,10937,10883,10932,10914,10875,10904,10857,10868,10910,10845,10891,10785,10803,10760,10735,10801,10784,10734,10902,10705,10732,10693,10785,10746,10862,10719,10788,10810,10778,10885,10749,10790,10766,10797,10746,10623,10702,10770,10696,10741,10756,10619,10664,10664,10643,10644,10614,10520,10577,10556,10629,10547,10598,10546,10540,10546,10660,10574,10569,10698,10476,10621,10722,10550,10551,10626,10506,10516,10561,10465,10479,10514,10414,10445,10524,10450,10493,10634,10467,10618,10505,10433,10584,10462,10468,10499,10611,10560,10421,10515,10545,10582,10463,10438,10359,10531,10404,10457,10442,10340,10308,10395,10326,10309,10280,10336,10350,10308,10256,10171,10229,10171,10093,10161,10123,10205,10094,10203,10104,10127,10175,10173,10080,10101,10103,10109,10075,10101,10138,10080,10058,10018,10064,10030,10004,9930,9894,9926,9798,9832,9849,9851,9860,9772,9796,9842,9717,9774,9816,9770,9694,9768,9840,9701,9758,9880,9887,9785,9784,9778,9778,9733,9693,9764,9619,9683,9605,9705,9615,9639,9565,9469,9534,9551,9488,9526,9536,9397,9538,9466,9529,9514,9482,9461,9369,9526,9422,9449,9510,9376,9432,9550,9333,9518,9379,9332,9371,9381,9335,9336,9269,9234,9303,9271,9285,9168,9270,9286,9235,9143,9238,9182,9224,9138,9168,9176,9120,9185,9136,9179,9204,9195,9059,9222,9084,9161,9166,9075,9063,9113,9062,9147,9008,9039,9060,9080,8953,9052,8999,8950,8979,8983,8957,9019,8921,8918,8903,9021,8899,8972,8947,8960,8969,8955,8980,8914,8964,8968,9050,8961,9020,9057,9046,9074,8934,8965,9027,8957,8838,8849,8901,8895,8868,8880,8866,8874,8884,8847,8849,8842,8859,8875,8779,8884,8810,8807,8806,8786,8784,8819,8764,8895,8760,8825,8844,8785,8867,8883,8794,8807,8795,8814,8778,8831,8761,8757,8664,8664,8765,8693,8588,8645,8588,8575,8650,8710,8536,8582,8565,8502,8536,8568,8588,8591,8549,8492,8502,8553,8581,8448,8499,8524,8518,8568,8558,8600,8503,8432,8498,8533,8513,8414,8547,8421,8456,8387,8419,8378,8455,8358,8427,8393,8264,8274,8203,8264,8225,8308,8213,8244,8249,8174,8266,8180,8125,8251,8284,8224,8185,8326,8185,8231,8209,8278,8249,8205,8290,8213,8193,8221,8131,8081,8129,8165,8126,8105,8139,8068,8087,8006,8022,8000,8038,8003,7974,8001,7981,7979,8072,7941,7974,7849,7964,7963,7951,7914,7935,8022,7897,8022,8019,8038,7996,7975,7995,8036,7964,8072,8037,8001,8021,7975,8050,7935,8019,7950,7974,7945,7858,7890,7900,7845,7834,7776,7895,7895,7771,7864,7856,7878,7801,7830,7793,7816,7904,7772,7748,7828,7870,7807,7740,7848,7773,7808,7840,7886,7786,7726,7744,7757,7780,7780,7846,7779,7739,7709,7768,7782,7763,7776,7652,7732,7709,7700,7709,7606,7632,7642,7636,7589,7645,7506,7509,7544,7537,7473,7534,7413,7363,7422,7476,7464,7501,7449,7522,7432,7503,7457,7459,7486,7486,7474,7471,7466,7424,7494,7458,7450,7362,7348,7423,7386,7361,7411,7296,7368,7298,7261,7218,7195,7282,7138,7233,7237,7227,7173,7177,7124,7109,7127,7025,7078,7103,7106,7160,7111,7242,7189,7185,7173,7189,7099,7144,7126,7192,7128,7174,7132,7146,7169,7046,7158,7155,7182,7089,7045,7127,7120,7127,7065,7077,7014,7081,7010,7034,6952,6993,6996,6966,6895,6996,6941,6944,6908,6968,6870,6849,6935,6806,6854,6739,6829,6954,6898,6799,6831,6887,6894,6942,6900,6886,6855,6989,6901,6944,6867,6927,6973,6976,6939,6985,6875,6938,6902,6965,6928,6885,6868,6864,6961,6891,6833,6873,6751,6854,6774,6835,6814,6662,6736,6776,6745,6810,6670,6744,6653,6716,6738,6695,6726,6634,6635,6703,6672,6651,6611,6633,6624,6701,6631,6701,6627,6666,6701,6716,6636,6698,6636,6683,6688,6652,6634,6647,6676,6707,6711,6665,6683,6640,6657,6622,6671,6715,6572,6563,6622,6579,6566,6644,6583,6501,6460,6432,6517,6454,6468,6530,6477,6438,6394,6443,6462,6395,6335,6360,6366,6287,6292,6362,6287,6355
25332,25272,25155,25392,25216,25219,25218,25141,25239,25116,25256,25325,25212,25153,25177,25274,25184,25180,25023,25140,25110,25055,24984,24965,24987,24996,24909,24885,24903,24793,24900,24864,24867,24838,24749,24631,24884,24764,24876,24721,24651,24651,24551,24776,24434,24482,24525,24397,24501,24529,24458,24266,24621,24598,24605,24625,24505,24624,24508,24566,24358,24506,24372,24467,24394,24521,24397,24315,24284,24336,24272,24464,24331,24187,24181,24195,24056,24041,24119,23974,23911,23922,23735,23827,23738,23777,23807,23724,23752,23633,23579,23564,23512,23688,23603,23582,23532,23518,23461,23379,23478,23400,23403,23507,23543,23488,23312,23177,23324,23359,23237,23372,23192,23257,23383,23330,23179,23114,23153,23176,23233,23148,23060,22871,22984,22970,22890,22869,22800,22778,22835,22829,22719,22636,22721,22711,22490,22652,22656,22656,22557,22352,22489,22392,22370,22398,22439,22399,22370,22325,22287,22259,22234,22207,22314,22096,22366,22279,22132,22142,22278,22182,21954,22132,22134,22041,21949,21914,21905,21966,21942,21866,21851,22083,21874,21762,21700,21862,21749,21648,21498,21617,21727,21632,21746,21470,21504,21572,21632,21582,21450,21364,21365,21226,21195,21353,21358,21353,21291,21301,21213,21202,21316,21228,21249,21097,21104,21145,21101,21015,20995,21019,21116,21087,20924,21087,20918,20970,20978,20900,20856,20866,20902,20786,20770,20734,20655,20766,20790,20803,20691,20694,20856,20665,20629,20613,20515,20471,20520,20333,20506,20504,20427,20415,20290,20289,20276,20319,20264,20210,20175,20276,20151,20159,20136,19978,20041,20170,20022,20133,19921,19876,19934,19855,19827,19842,19818,19803,19775,19627,19895,19728,19810,19547,19557,19547,19612,19550,19506,19576,19342,19404,19447,19338,19229,19317,19347,19175,19302,19185,19195,19314,19127,19313,19237,19156,19163,19191,19066,19199,19098,19234,19141,19180,19031,19291,18913,18936,18918,18790,18781,18859,18810,18860,18775,18803,18648,18793,18665,18642,18644,18711,18557,18346,18601,18356,18369,18359,18421,18353,18235,18299,18257,18241,18115,18154,18083,18048,18043,17952,18167,18055,17949,18097,17929,17885,17911,17875,17978,18001,17897,17849,17791,17925,17771,17702,17661,17555,17649,17790,17783,17644,17639,17655,17668,17681,17485,17591,17708,17458,17473,17424,17417,17571,17404,17378,17520,17497,17416,17492,17392,17362,17413,17332,17276,17312,17126,17180,17106,17122,17239,17108,17238,16938,17143,17001,16999,17085,16973,17017,17137,16953,17076,16902,16891,16912,16939,16929,16790,16821,16842,16814,16748,16821,16632,16728,16798,16737,16815,16763,16789,16760,16757,16696,16678,16628,16755,16732,16558,16727,16612,16549,16595,16574,16489,16587,16681,16586,16699,16485,16563,16365,16372,16428,16345,16394,16395,16485,16376,16482,16316,16376,16233,16217,16343,16330,16335,16193,16175,16200,16275,16229,16138,16139,16157,16068,15896,16008,15890,15986,15890,16020,15879,15862,15827,16011,15926,15880,15941,15913,15843,15779,15929,15936,15805,15732,15668,15777,15818,15660,15722,15698,15800,15784,15751,15665,15671,15576,15452,15485,15572,15419,15467,15601,15359,15400,15432,15410,15368,15348,15252,15241,15267,15169,15113,15067,15112,15063,14961,15068,15034,14876,14887,14836,14897,14848,14836,14785,14814,14721,14627,14771,14686,14560,14631,14656,14584,14585,14633,14488,14438,14613,14467,14456,14333,14378,14312,14300,14266,14402,14291,14275,14152,14147,14068,14141,14071,14081,14057,14026,14016,13994,14007,14039,13875,13969,13809,13902,13740,13869,13709,13860,13711,13779,13662,13643,13679,13557,13667,13602,13573,13579,13673,13506,13507,13361,13600,13384,13486,13442,13425,13319,13310,13333,13394,13379,13293,13350,13425,13390,13213,13209,13159,13194,13065,13098,13274,13288,13231,13142,13159,13179,13185,13111,13138,13071,13043,13045,12961,12988,12991,12863,12968,12855,12914,12861,12785,12890,13053,12917,12783,12854,12888,12673,12814,12823,12786,12772,12726,12643,12651,12707,12478,12615,12638,12640,12476,12607,12569,12524,12504,12496,12472,12473,12438,12326,12456,12496,12346,12294,12322,12297,12153,12179,12281,12236,12198,12139,12207,12242,12115,12089,12081,11927,12059,12178,12000,12117,12098,11936,11977,11889,11966,11957,11938,11888,11875,11876,11916,11865,11810,11744,11764,11856,11854,11724,11726,11842,11722,11697,11803,11761,11653,11654,11578,11702,11662,11600,11556,11590,11641,11511,11552,11560,11580,11541,11485,11419,11397,11498,11487,11454,11454,11407,11442,11427,11462,11302,11396,11279,11435,11311,11340,11271,11237,11263,11330,11332,11307,11223,11253,11189,11248,11182,11223,11217,11109,11151,11254,11165,11114,11221,11137,11014,10980,10953,10965,10977,10935,10939,10878,11008,10947,10830,11040,10949,10797,10849,10771,10954,10968,10838,10869,10755,10670,10744,10654,10806,10750,10737,10561,10691,10590,10576,10547,10486,10471,10582,10569,10610,10480,10607,10520,10483,10579,10496,10392,10499,10508,10353,10522,10437,10409,10408,10459,10358,10354,10386,10383,10322,10420,10285,10308,10280,10213,10272,10307,10209,10178,10299,10203,10240,10211,10207,10217,10231,10126,10136,10137,10149,10159,10063,10091,10091,10085,10104,9955,10017,10061,9952,10056,10123,10008,9916,9987,9966,9992,9907,9934,9859,9857,9853,9783,9859,9883,9822,9741,9856,9758,9660,9775,9624,9836,9770,9646,9640,9768,9560,9671,9651,9625,9694,9571,9628,9699,9512,9490,9554,9534,9476,9413,9485,9466,9512,9393,9474,9352,9403,9449,9391,9403,9320,9367,9337,9286,9373,9316,9381,9229,9273,9239,9193,9263,9307,9231,9197,9149,9197,9117,9138,9215,9048,9060,9079,9096,9169,9036,9117,8998,9014,9041,8959,9056,8995,8937,9028,9015,8983,8879,8951,9008,8904,8822,8985,8958,8949,8881,8824,8779,8811,8805,8807,8720,8838,8785,8788,8830,8731,8815,8756,8780,8722,8854,8681,8673,8750,8683,8716,8737,8687,8650,8651,8684,8602,8618,8576,8716,8575,8568,8669,8603,8623,8591,8534,8531,8465,8576,8511,8442,8442,8482,8484,8394,8451,8510,8457,8463,8405,8436,8404,8391,8370,8367,8367,8353,8305,8312,8307,8343,8257,8223,8242,8232,8222,8203,8214,8222,8111,8220,8185,8170,8201,8187,8154,8120,8133,8069,8158,8037,8112,8075,7996,8021,8123,8077,8107,8120,7935,8000,8021,8029,7952,8000,7979,8013,8049,7941,7951,7963,7930,7822,7904,7873,7921,7872,7923,7917,7914,7870,7825,7813,7934,7848,7816,7764,7815,7803,7761,7827,7781,7713,7731,7683,7760,7785,7700,7712,7678,7704,7624,7697,7675,7744,7685,7610,7645,7555,7640,7669,7604,7508,7599,7596,7574,7472,7578,7503,7475,7547,7510,7450,7443,7460,7507,7422,7452,7469,7435,7408,7442,7378,7272,7379,7355,7353,7283,7378,7295,7333,7257,7276,7241,7275,7286,7264,7241,7285,7254,7262,7197,7202,7257,7186,7210,7157,7123,7125,7117,7087,7120,7112,7184,7071,7058,7113,7078,7046,7056,7047,7055,7018,6937,6972,6955,6958,7003,6972,6961,6918,6980,6994,7001,6916,6930,6885,6993,6923,6881,6857,6864,6829,6873,6912,6886,6915,6919,6879,6814,6784,6713,6740,6710,6783,6761,6787,6735,6812,6656,6705,6685,6726,6738,6724,6710,6660,6753,6686,6748,6753,6789,6680,6696,6612,6630,6673,6642,6615,6668,6675,6597,6577,6479,6599,6571,6561,6534,6589,6543,6494,6558,6547,6518,6485,6539,6554,6485,6451,6467,6459,6461,6451,6452,6462,6485,6503,6475,6362,6432,6354,6406,6386,6401,6401,6343,6305,6418,6390,6401,6294,6347,6319,6313,6302,6315,6291,6222,6282,6230,6248,6287,6327,6281,6219,6286,6229,6237,6235,6289,6240,6217,6163,6183,6124,6167,6195,6136,6102,6158,6106,6127,6170,6190,6144,6073,6140,6134,6101,6133,6094,6182,6052,6077,6090,6040,6093,6027,6102,5984,6100,6079,6005,5991,6046,6005,5955,5973,5923,6031,6020,5953,5979,5967,6036,5910,5917,5970,5939,5917,6001,5947,5875,5965,5962,5940,5943,5878,5909,5883,5820,5836,5878,5775,5801,5783,5836,5809,5743,5837,5845,5802,5807,5748,5708,5752,5741,5793,5744,5766,5778,5768,5719,5680,5753,5756,5676,5713,5730,5653,5628,5705,5613,5569,5664,5657,5636,5593,5619,5610,5588,5528,5627,5601,5540,5614,5540,5572,5589,5585,5545,5566,5570,5619,5575,5494,5501,5495,5569,5507,5503,5461,5466,5489,5440,5481,5434,5442,5433,5429,5427,5416,5383,5478,5429,5359,5351,5377,5392,5367,5401,5404,5387,5343,5401,5358,5321,5408,5375,5415,5389,5340,5321,5336,5352,5298,5307,5298,5344,5319,5259,5300,5316,5354,5280,5302,5310,5285,5220,5248,5197,5291,5234,5291,5208,5303,5260,5287,5270,5258,5224,5215,5288,5246,5274,5232,5162,5200,5209,5182,5117,5139,5173,5175,5144,5110,5125,5168,5171,5109,5118,5223,5152,5135,5124,5165,5094,5134,5136,5098,5041,5059,5113,5082,5063,4996,5131,5064,5055,5044,5080,5153,5052,5044,5031,5046,4985,4962,4985,4998,4950,5018,4995,4998,4968,4987,4972,4959,4951,4995,4912,4992,4926,4921,4930,4902,4858,4915,4905,4891,4847,4880,4848,4920,4785,4860,4861,4845,4807,4788,4803,4805,4810,4774,4781,4747,4795,4732,4790,4781,4805,4774,4826,4789,4764,4783,4781,4763,4752,4747,4797,4752,4746,4752,4766,4726,4658,4697,4709,4672,4717,4661,4668,4674,4629,4696,4705,4658,4635,4625,4636,4669,4593,4648,4686,4644,4703,4623,4661,4646,4656,4647,4642,4660,4652,4615,4628,4628,4601,4631,4638,4634,4584,4541,4551,4615,4542,4524,4577,4546,4504,4545,4568,4503,4450,4529,4591,4523,4530,4504,4556,4517,4499,4515,4521,4504,4539,4468,4567,4503,4550,4472,4557,4495,4448,4479,4519,4441,4412,4445,4437,4422,4394,4469,4400,4401,4403,4416,4408,4351,4397,4352,4377,4390,4340,4326,4334,4387,4331,4312,4334,4400,4311,4391,4323,4349,4368,4322,4328,4335,4274,4268,4307,4315,4298,4338,4341,4280,4241,4248,4278,4249,4261,4232,4228,4235,4240,4188,4210,4197,4206,4202,4236,4206,4223,4155,4191,4208,4107,4149,4207,4183,4201,4156,4191,4128,4121,4163,4084,4166,4163,4162,4118,4137,4092,4157,4096,4116,4104,4057,4118,4051,4115,4042,4074,4061,4017,4102,4031,4067,4112,4017,4035,4010,4036,4067,4050,4070,4027,4032,4060,4009,4023,4050,4005,4060,4033,4084,4012,4044,4019,4031,3995,4070,4052,4069,4019,3990,3979,4039,4028,3998,3942,3970,3978,3998,3996,3955,3968,3984,3945,3958,3896,3926,3870,3911,3932,3899,3919,3942,3913,3921,3943,3936,3895,3972,3914,3960,3961,3876,3867,3888,3904,3912,3936,3883,3903,3878,3884,3943,3877,3849,3856,3818,3879,3817,3869,3776,3820,3841,3830,3775,3799,3838,3772,3761,3760,3777,3746,3770,3729,3755,3761,3774,3781,3794,3729,3733,3773,3713,3759,3758,3747,3711,3732,3700,3722,3730,3720,3780,3690,3712,3721,3702,3687,3626,3640,3658,3663,3638,3627,3622,3565,3643,3633,3615,3563,3612,3590,3609,3599,3578,3576,3600,3607,3568,3599,3569,3563,3582,3591,3556,3548,3589,3539,3610,3602,3560,3530,3597,3539,3540,3609,3529,3565,3542,3586,3539,3556,3549,3535,3582,3529,3480,3468,3493,3468,3506,3480,3532,3483,3449,3447,3480,3434,3471,3460,3477,3449,3438,3417,3442,3457,3460,3464,3429,3430,3434,3452,3436,3451,3426,3441,3467,3480,3467,3437,3451,3409,3467,3454,3483,3464,3460,3441,3430,3467,3477,3455,3442,3404,3468,3454,3400,3438,3383,3368,3417,3382,3387,3428,3405,3370,3370,3383,3349,3361,3361,3334,3363,3345,3360,3323,3345,3281,3325,3337,3343,3315,3370,3314,3305,3340,3362,3309,3339,3342,3345,3348,3315,3340,3349,3309,3264,3321,3328,3370,3401,3347,3301,3364,3329,3343,3333,3282,3278,3302,3297,3275,3236,3280,3247,3263,3273,3260,3269,3239,3286,3244,3275,3249,3214,3198,3198,3200,3227,3192,3203,3156,3200,3203,3174
19616,19567,19584,19539,19402,19545,19499,19375,19561,19512,19504,19595,19318,19183,19162,19207,19077,19071,19003,18978,18968,19043,18917,18961,18993,19002,19048,18981,18951,18927,18895,18836,18930,18812,18698,18660,18618,18326,18410,18516,18645,18525,18511,18589,18395,18331,18477,18432,18472,18566,18742,18670,18759,18546,18467,18478,18501,18521,18539,18424,18483,18441,18506,18598,18526,18496,18402,18347,18404,18403,18465,18521,18183,18239,18306,18252,18176,18239,18235,18130,18152,18237,18216,18124,18107,18092,18056,18350,18173,18179,18058,18003,17943,18001,18056,18059,18121,18152,17916,18124,18139,18005,18132,18035,18179,18175,18119,18254,18244,18104,18238,18189,18226,18230,18184,18444,18296,18346,18294,18335,18231,18356,18253,18233,18392,18329,18173,18303,18115,18274,18163,18255,18240,18308,18346,18203,18336,18124,18268,18257,17996,18115,18158,18203,18124,17985,18202,18444,18205,18142,18378,18344,18237,18226,18278,18208,18337,18364,18283,18375,18377,18234,18487,18384,18366,18379,18340,18336,18420,18605,18393,18442,18524,18573,18387,18540,18472,18273,18483,18450,18420,18366,18569,18455,18517,18422,18447,18516,18435,18436,18422,18453,18531,18435,18441,18589,18442,18619,18506,18434,18464,18637,18506,18623,18567,18576,18588,18526,18686,18490,18508,18606,18487,18635,18657,18595,18491,18624,18526,18582,18659,18578,18674,18614,18607,18701,18865,18838,18832,18792,18751,18824,18676,18731,18808,18661,18735,18728,18610,18851,18741,18616,18703,18694,18786,18660,18799,18616,18566,18643,18582,18640,18630,18575,18737,18598,18686,18659,18613,18656,18658,18749,18600,18670,18470,18444,18609,18588,18328,18557,18545,18647,18502,18395,18604,18589,18583,18515,18448,18372,18597,18466,18594,18476,18469,18415,18361,18384,18465,18571,18529,18558,18480,18494,18557,18445,18388,18594,18492,18412,18475,18692,18478,18612,18432,18456,18416,18467,18428,18372,18425,18538,18310,18334,18401,18419,18391,18411,18329,18491,18400,18395,18407,18431,18312,18454,18383,18386,18330,18413,18366,18408,18272,18260,18238,18192,18293,18185,18278,18179,18238,18245,18286,18128,18232,18303,18229,18255,18247,18243,18106,18252,18203,18162,18250,18215,18415,18244,18215,18278,18348,18429,18341,18318,18328,18293,18147,18340,18203,18272,18281,18398,18454,18203,18321,18451,18336,18204,18239,18352,18305,18035,18094,18329,18308,18249,18134,18219,18378,18197,18248,18315,18310,18328,18334,18159,18148,18194,18241,18161,18233,18240,18024,18114,18181,18138,18296,18075,18100,18193,18056,18101,18104,18226,18238,18107,17885,18095,17986,18121,18215,18005,18095,18005,18105,18053,17980,18037,18208,17904,17905,18083,17919,18060,18174,18030,18027,18034,17993,18106,17997,18132,18031,18150,18062,18156,18148,18081,18184,18035,17932,17992,17971,18021,18020,18229,17975,18074,18022,18026,18130,17895,18126,18103,18130,18054,18067,18076,18064,17936,17953,17926,17985,18090,18091,18000,17879,17975,17920,17949,17971,18053,17917,17830,17946,17940,17857,17804,18053,18059,17872,17884,17984,17904,17851,17971,18007,17857,17740,17724,17831,17763,17735,17862,17770,17841,17779,17738,17682,17949,17811,17876,17636,17763,17750,17762,17853,17700,17730,17707,17691,17618,17615,17717,17765,17647,17820,17711,17626,17663,17642,17763,17558,17735,17699,17640,17669,17768,17711,17713,17631,17693,17640,17725,17673,17757,17794,17734,17649,17541,17648,17714,17720,17682,17720,17739,17778,17715,17787,17760,17754,17617,17662,17746,17663,17662,17593,17769,17701,17742,17616,17629,17675,17523,17588,17660,17691,17626,17567,17654,17644,17592,17578,17644,17698,17651,17701,17705,17630,17559,17640,17598,17578,17546,17376,17395,17479,17456,17411,17477,17421,17472,17496,17390,17378,17431,17342,17483,17326,17442,17470,17462,17558,17346,17457,17314,17372,17525,17420,17366,17370,17383,17324,17452,17309,17421,17296,17297,17299,17421,17441,17429,17295,17271,17355,17427,17317,17227,17326,17193,17114,17198,17166,17190,17242,17224,17240,17283,17172,17276,17282,17181,17267,17304,17274,17097,17317,17335,17300,17267,17251,17266,17255,17126,17132,17129,17049,17062,17051,17144,17195,17150,16999,17055,16914,17002,16975,16900,16917,16993,16850,16913,17047,17077,16972,16841,16831,16867,16843,16736,16809,16841,16750,16931,16788,16748,16870,16599,16742,16801,16725,16702,16662,16792,16615,16559,16772,16676,16581,16619,16739,16630,16616,16736,16585,16718,16555,16674,16605,16719,16856,16895,16825,16871,16924,16661,16829,16785,16867,16844,16700,16784,16801,16701,16602,16600,16597,16645,16532,16457,16525,16509,16591,16578,16625,16635,16603,16645,16497,16522,16679,16740,16518,16569,16640,16494,16485,16486,16442,16470,16434,16442,16401,16480,16443,16414,16515,16432,16305,16348,16475,16371,16444,16491,16262,16365,16413,16464,16361,16125,16408,16283,16300,16256,16262,16162,16050,16171,16128,16247,16174,16239,16124,16288,16262,16080,16248,16161,16137,16081,16215,16266,16021,16053,16178,16140,16109,16268,16132,16047,15889,16000,16106,16066,16043,15893,16068,16083,16054,16042,16096,15872,15912,16131,16013,15973,16025,15972,15965,15920,15966,15964,15941,15927,15968,15859,15903,15973,15926,16018,15763,15963,15902,15840,16031,15928,15906,16082,15898,15862,15859,15827,15843,15887,15802,15693,15845,15804,15698,15745,15719,15703,15617,15692,15560,15647,15607,15602,15656,15506,15630,15606,15597,15594,15510,15664,15667,15472,15615,15554,15532,15528,15562,15578,15625,15551,15514,15590,15459,15506,15559,15534,15428,15543,15347,15352,15518,15459,15405,15337,15408,15489,15367,15363,15255,15163,15276,15277,15386,15437,15303,15274,15420,15511,15448,15528,15322,15391,15455,15323,15342,15483,15477,15415,15403,15580,15515,15493,15357,15374,15416,15481,15503,15414,15348,15453,15446,15550,15441,15355,15407,15415,15301,15415,15481,15509,15486,15475,15451,15497,15376,15433,15395,15426,15513,15549,15431,15527,15482,15468,15478,15429,15384,15456,15504,15423,15509,15419,15507,15586,15536,15617,15338,15430,15517,15474,15408,15365,15493,15444,15536,15489,15399,15356,15411,15468,15505,15406,15399,15342,15340,15371,15277,15361,15354,15374,15307,15183,15288,15213,15182,15324,15188,15182,15180,15102,15174,15097,15245,15319,15192,15113,15156,15085,15090,15261,15141,15155,15189,15152,15120,15059,15045,15091,15091,15107,14996,15053,15114,14969,14913,15012,15039,15003,14957,14917,14938,14858,14988,14868,15108,14948,14829,14870,14683,14964,14995,14946,14935,14753,14845,14738,14837,14646,14823,14873,15012,14809,14827,14734,14854,14705,14709,14701,14783,14752,14705,14723,14664,14692,14723,14575,14575,14703,14397,14607,14562,14505,14567,14491,14450,14307,14451,14416,14375,14348,14219,14313,14363,14304,14261,14264,14277,14238,14330,14213,14304,14265,14271,14298,14272,14156,14253,14243,14231,14240,14162,14208,14205,14023,14039,13939,14181,14074,14079,14044,13986,13913,13990,14117,14044,14000,14143,13964,14060,13989,14086,14050,13986,14056,14005,14014,14055,14089,14092,13986,13970,13958,14075,14039,13952,13971,13915,13901,14026,13844,14004,13972,13965,13986,13971,13961,14100,14016,14013,13967,14169,13914,13966,13991,14030,14083,13992,14135,14231,14102,14143,14129,13949,13978,14147,14159,15566,14130,14028,14007,14104,14137,14007,13997,14042,14080,14030,13860,13997,13936,13920,13954,13920,13911,13755,13914,13888,13709,13745,13673,13767,13689,13639,13600,13593,13554,13536,13415,13327,13468,13405,13459,13409,13346,13336,13294,13322,13272,13291,13327,13268,13299,13331,13228,13274,13401,13329,13236,13170,13185,13140,13226,13246,13120,13188,13151,13070,13109,13146,13078,13119,13112,12998,13182,12995,13098,13105,12972,13123,13073,13101,13125,13194,12942,13048,12970,13081,13012,13055,13040,13084,12950,12996,12933,13123,13029,12922,12955,12919,13078,12921,13040,12977,12973,13013,12978,12881,12911,12837,12908,12886,13033,12971,12944,12861,13008,12925,12952,12926,12789,12871,12850,12850,12779,12882,12797,12792,12779,12753,12754,12647,12768,12680,12859,12772,12720,12700,12725,12726,12669,12718,12646,12555,12682,12647,12747,12804,12659,12679,12788,12671,12750,12598,12624,12539,12449,12609,12612,12553,12471,12587,12434,12529,12397,12459,12549,12690,12544,12482,12543,12497,12524,12634,12525,12530,12643,12580,12650,12475,12504,12466,12600,12528,12426,12455,12476,12423,12323,12302,12191,12457,12302,12336,12386,12320,12304,12347,12203,12247,12255,12270,12236,12363,12273,12391,12348,12360,12317,12284,12258,12288,12227,12276,12230,12176,12215,12215,12304,12149,12181,12297,12242,12203,12244,12306,12284,12245,12358,12123,12341,12263,12251,12292,12311,12261,12231,12355,12203,12232,12144,12132,11972,12131,12046,12095,12040,12039,11899,11925,11899,11852,11903,11938,11918,11895,11920,11837,11734,11938,11765,11835,11784,11741,11840,11733,11782,11704,11815,11792,11733,11738,11739,11689,11633,11677,11605,11577,11564,11621,11559,11558,11551,11575,11437,11486,11451,11434,11434,11523,11344,11280,11355,11376,11310,11462,11354,11386,11349,11404,11330,11359,11329,11264,11291,11266,11370,11349,11233,11232,11070,11221,11189,11139,11123,11101,11181,11051,11054,11049,11012,11021,10999,10990,10993,11090,10974,10964,10989,11021,11017,11026,10939,10995,10993,10922,10977,10882,10911,10841,10791,10844,10816,10811,10840,10808,10693,10697,10625,10744,10720,10739,10628,10578,10647,10635,10576,10634,10590,10699,10584,10637,10587,10634,10609,10580,10548,10602,10602,10692,10523,10673,10588,10640,10604,10642,10621,10449,10469,10476,10393,10466,10365,10417,10408,10389,10390,10382,10404,10330,10322,10365,10362,10354,10406,10314,10292,10349,10235,10368,10415,10346,10450,10490,10419,10390,10445,10355,10407,10433,10426,10273,10292,10281,10360,10316,10248,10296,10309,10289,10291,10222,10269,10244,10250,10139,10127,10225,10229,10255,10091,10274,10175,10232,10274,10118,10209,10273,10294,10152,10252,10247,10220,10205,10355,10285,10151,10070,10159,10046,10038,10007,10180,10116,10026,10048,10042,10001,9930,9960,10016,9920,9889,9965,9926,9941,9939,9926,9944,9809,9940,9861,9952,9901,9855,9784,9856,9920,9847,9873,9845,9780,9877,9934,9809,9787,9876,9782,9800,9804,9774,9734,9798,9854,9612,9716,9691,9603,9522,9586,9555,9524,9549,9472,9563,9555,9568,9578,9447,9539,9578,9568,9491,9464,9505,9532,9575,9531,9506,9487,9541,9514,9586,9559,9536,9434,9414,9414,9350,9359,9393,9337,9410,9345,9320,9285,9306,9200,9232,9238,9330,9129,9275,9260,9219,9162,9272,9181,9242,9184,9228,9253,9234,9263,9230,9265,9245,9237,9280,9278,9238,9323,9355,9261,9250,9294,9170,9269,9263,9246,9179,9186,9215,9054,9130,9130,9049,9042,9110,9116,8999,9007,8968,9039,9032,9111,9119,9034,9039,8975,9119,8955,9028,9041,9088,9076,8965,9101,9086,8939,9033,9010,9096,9042,8980,8967,9097,9056,8975,8984,9001,9005,9089,8895,8934,8892,8865,8862,8792,8747,8919,8846,8716,8772,8734,8722,8691,8624,8653,8639,8660,8580,8642,8638,8633,8625,8723,8756,8739,8606,8610,8660,8662,8688,8623,8656,8629,8519,8617,8612,8603,8635,8610,8607,8517,8548,8442,8545,8495,8342,8430,8285,8190,8387,8273,8279,8398,8325,8323,8324,8251,8228,8261,8235,8139,8204,8176,8216,8210,8251,8270,8322,8317,8192,8277,8281,8252,8256,8232,8175,8290,8268,8253,8129,8258,8240,8224,8155,8117,8290,8178,8159,8141,8203,8144,8164,8084,8043,8124,8052,8043,8047,7994,7938,7996,7954,7818,7943,7965,7950,7907,7874,7910,7934,7934,7897,7965,7879,7895,7886,7899,7902,7838,7933,7922,7907,7878,7909,7991,7958,8014,8002,8010,7981,7945,7934,8003,7919,7988,7937,8015,7951,8004,7975,7902,7916,7992,7836,7862,7753,7786,7735,7785,7692,7782,7730,7735,7758,7732,7728,7699,7675,7598,7611,7687,7638,7565,7577,7628,7617,7681,7738,7634,7676,7659,7678,7658,7642,7647,7587,7618,7623,7609,7591,7778,7692,7701,7659,7747,7688,7719,7670,7625,7628,7566,7610,7562,7588,7557,7521,7550,7489,7507,7462,7454,7425,7480,7441,7473,7365,7303,7315,7303,7258,7416,7439,7352,7279,7280,7247,7222,7216,7292,7262,7239
38716,38963,38903,38918,38779,38760,38786,38683,38783,38662,38826,38735,38656,38772,38530,38644,38442,38534,38552,38539,38565,38486,38452,38589,38593,38467,38150,38044,38142,38152,37878,38069,37980,38013,37710,37913,37889,37668,37576,37631,37913,37666,37685,37880,37596,37878,37664,37532,37561,37568,37666,37502,37611,37304,37428,37559,37564,37571,37632,37576,37341,37586,37343,37707,37593,37452,37433,37500,37377,37352,37309,37265,37300,37031,37035,37067,36935,36681,36510,36756,36867,36728,36735,36587,36537,36532,36417,36446,36484,36295,36355,36338,36186,36124,36271,35919,36181,36101,36237,36275,36022,36089,36123,35957,35919,36030,36101,36055,35929,35911,35630,35823,35863,35950,35651,35671,35800,35667,35469,35709,35577,35546,35179,35434,35286,35208,35116,35168,35194,35021,34968,35045,34883,34755,34701,34837,34781,34676,34542,34633,34683,34496,34254,34563,34256,34368,34430,34234,34255,34338,34148,34149,34260,34120,34106,34210,34003,34283,34004,34317,34062,34146,34142,33903,34013,33911,33674,33905,33838,33896,33824,33936,33825,33652,33681,33708,33427,33618,33384,33300,33241,33481,33336,33275,33287,33278,33077,32928,33343,33245,32886,32787,32865,32853,33024,32711,32843,32692,32798,32699,32501,32581,32509,32375,32590,32586,32409,32420,32346,32392,32471,32355,32240,32419,32228,32166,32363,32372,32276,32156,32207,32173,32144,32218,31904,32059,32061,32039,32051,32101,31905,31918,31877,31983,31812,31773,31836,31418,31631,31557,31486,31610,31385,31337,31484,31456,31269,31248,31014,31246,31081,31014,31048,30967,30834,31205,30886,30588,30926,30682,30666,30749,30608,30433,30596,30370,30311,30472,30362,30423,30217,30307,30287,30332,30219,30317,30252,29947,30111,30164,30171,29926,29920,30036,30039,29958,30045,29838,29948,29795,29796,29667,29770,29570,29813,29539,29645,29683,29651,29486,29380,29611,29446,29461,29296,29406,29306,29345,29232,28999,28981,29129,28923,28809,29110,28960,28799,28864,28650,28736,28674,28640,28585,28593,28682,28294,28473,28326,28491,28133,28279,28263,28086,28234,28012,28158,28017,27975,27856,27843,27840,27683,27667,27596,27831,27784,27663,27524,27755,27630,27632,27382,27500,27428,27422,27312,27420,27279,27200,27262,27340,27302,27322,27237,27226,27254,27291,27184,27137,27073,27168,27018,26948,26896,27024,26910,26993,27051,26867,26801,26912,26902,26911,26977,26784,26669,26681,26673,26637,26481,26553,26576,26477,26304,26322,26417,26304,26419,26225,26141,26480,26250,26170,26088,26242,26178,26168,26173,26204,26204,26244,26075,26163,26159,26217,26389,26189,26215,26069,26177,26310,26158,26338,26224,26233,26135,26054,26177,26225,26054,26247,26092,26030,26132,25980,26169,26075,26129,25970,26036,26053,26039,26101,26005,26002,25862,25983,25948,25915,25913,25824,25865,25687,25912,25826,25865,25594,25731,25608,25569,25509,25533,25620,25662,25518,25392,25369,25361,25415,25325,25350,25392,25387,25490,25165,25332,25333,25209,25223,25297,25314,25206,25188,25320,25221,25270,25289,25332,25229,25087,25234,25281,24834,25149,24949,24983,24996,24948,24906,24877,24795,24730,24751,24486,24395,24569,24453,24357,24275,24239,24198,24001,23939,23982,23841,23795,23856,23707,23859,23562,23556,23520,23507,23525,23229,23366,23286,23214,23328,23206,23044,23232,22953,23092,23008,22984,22757,22796,22900,22671,22669,22664,22606,22543,22630,22661,22398,22366,22406,22135,22122,22273,22169,22091,21993,22032,22075,21813,21979,21743,21590,21947,21638,21730,21528,21524,21688,21546,21525,21512,21529,21255,21396,21249,21307,21114,21115,21091,21050,21052,21128,20914,21056,21000,20944,20786,20767,20859,20778,20729,21000,20580,20768,20655,20641,20538,20489,20747,20516,20597,20480,20501,20491,20408,20493,20340,20373,20460,20355,20412,20196,20417,20187,20292,20269,20337,20206,20233,20285,20117,20226,20043,20096,20080,19952,20040,19780,20003,19772,19933,19725,19879,19696,19760,19680,19777,19698,19521,19620,19526,19515,19519,19638,19401,19519,19496,19234,19246,19491,19326,19232,19194,19188,19246,19320,19307,19174,19237,19023,19111,18957,19103,18861,18912,18823,18861,18903,18837,18870,18755,18748,18810,18673,18780,18700,18615,18555,18384,18436,18506,18470,18411,18450,18468,18377,18247,18153,18304,18339,18217,18272,18213,18243,18263,18104,18261,18176,18107,18124,18218,18139,17913,17867,17993,17951,17810,17934,17860,17823,17760,17882,17696,17887,17860,17705,17671,17874,17696,17754,17665,17539,17599,17463,17530,17528,17643,17547,17659,17627,17593,17489,17570,17381,17491,17353,17361,17348,17370,17260,17288,17344,17399,17292,17223,17233,17168,17026,17110,17214,17121,17022,16982,16990,17044,16936,17098,16935,16951,16890,17091,16721,16864,16739,16856,16830,16787,16783,16752,16736,16582,16794,16628,16586,16611,16498,16600,16576,16544,16480,16407,16451,16346,16307,16372,16374,16389,16370,16261,16144,16238,16146,16052,16104,16136,16146,16054,16138,16124,16064,16036,16027,16050,16070,16091,15987,15911,15978,15838,15869,15808,15910,15934,15899,15726,15761,15728,15795,15716,15795,15799,15821,15801,15715,15644,15647,15665,15720,15695,15597,15579,15461,15534,15546,15499,15542,15363,15411,15513,15399,15613,15296,15338,15338,15372,15325,15323,15297,15183,15308,15217,15219,15127,15176,15141,15157,15016,15090,15190,15093,15078,15029,15007,14988,14994,15106,14910,14816,14825,14745,14823,14768,14702,14752,14776,14587,14640,14694,14629,14564,14554,14627,14432,14467,14406,14463,14592,14356,14321,14373,14306,14365,14402,14281,14337,14273,14333,14273,14144,14252,14103,14073,14065,14004,14205,14050,13938,14168,13994,13856,13918,13925,13988,13923,13924,13948,13928,13901,13856,13895,13964,13797,13817,13787,13677,13845,13808,13628,13678,13630,13678,13635,13631,13639,13645,13559,13683,13597,13517,13615,13481,13567,13454,13496,13488,13310,13376,13439,13377,13498,13385,13445,13386,13391,13391,13195,13431,13247,13292,13312,13152,13172,13241,13301,13123,13248,13171,13260,13107,13062,13113,13039,13030,13121,13001,13041,13049,13007,12944,12977,12934,13045,13007,12852,12981,12990,12884,12872,12836,12893,12874,12817,12728,12742,12695,12698,12848,12649,12617,12530,12570,12599,12543,12525,12492,12545,12569,12507,12623,12407,12435,12581,12497,12441,12447,12387,12362,12261,12433,12347,12284,12277,12267,12325,12359,12272,12382,12258,12140,12243,12244,12227,12213,12147,12050,12127,12077,12038,12083,11969,11894,12053,12120,12016,12071,11960,12030,11996,12026,11982,11813,11911,11913,11992,11991,11902,11864,11765,11820,11726,11720,11699,11815,11656,11762,11736,11745,11697,11608,11667,11625,11672,11644,11587,11628,11629,11583,11680,11500,11432,11418,11455,11449,11433,11408,11387,11355,11343,11415,11329,11253,11246,11231,11198,11203,11247,11304,11253,11250,11153,11155,11162,11207,11148,11091,11071,11115,11031,11031,10975,11040,11164,10920,10879,10893,10922,10898,10895,10872,10899,10789,10848,10903,10768,10780,10754,10771,10827,10881,10782,10773,10719,10797,10741,10686,10694,10758,10699,10627,10695,10587,10566,10515,10458,10576,10538,10486,10406,10538,10555,10543,10518,10355,10446,10476,10510,10444,10365,10389,10391,10356,10389,10304,10288,10384,10323,10289,10278,10277,10190,10131,10253,10306,10147,10228,10123,10111,10143,10136,10104,10137,10033,10061,10094,10190,10091,10111,10171,10074,10144,10045,10142,9993,9995,10014,9978,9897,10104,9991,9931,9839,9907,9871,10017,9930,9787,9855,9842,9796,9840,9890,9715,9779,9805,9742,9762,9635,9769,9734,9650,9738,9652,9661,9589,9671,9670,9715,9660,9711,9693,9636,9639,9582,9637,9594,9483,9528,9428,9454,9516,9506,9435,9504,9395,9502,9507,9510,9501,9432,9388,9396,9300,9371,9380,9331,9440,9407,9371,9379,9281,9278,9192,9225,9292,9241,9137,9220,9272,9234,9119,9137,9265,9193,9061,9191,9145,9167,9158,9122,9142,9106,9203,9115,9040,9127,9114,9048,9061,9057,9098,9003,8976,8993,9009,8964,9026,8963,8928,8910,8811,8933,8913,8871,8944,8842,8883,8823,8926,8920,8881,8990,8845,8870,8839,8830,8736,8798,8787,8854,8817,8764,8694,8680,8716,8691,8675,8650,8599,8610,8610,8607,8589,8658,8642,8555,8578,8581,8652,8685,8566,8597,8587,8624,8548,8411,8386,8456,8428,8442,8373,8433,8483,8344,8318,8382,8312,8333,8264,8344,8207,8243,8373,8195,8322,8233,8288,8222,8204,8329,8302,8326,8306,8198,8231,8355,8226,8274,8141,8190,8113,8125,8161,8138,8110,8139,8011,7969,8121,7989,8062,8051,8009,8036,8011,7966,7985,8000,7992,7946,7992,7972,8027,8070,7976,7972,7842,8024,8026,7953,7896,7841,7929,7846,7974,7938,7923,7862,7872,7754,7855,7758,7853,7806,7792,7812,7916,7832,7858,7855,7858,7806,7750,7715,7742,7869,7720,7756,7816,7820,7729,7811,7821,7694,7679,7646,7782,7727,7652,7727,7731,7701,7610,7595,7639,7691,7643,7568,7619,7621,7605,7618,7601,7571,7629,7639,7646,7650,7538,7584,7569,7604,7551,7600,7623,7485,7433,7420,7430,7462,7452,7524,7517,7344,7324,7334,7264,7265,7290,7296,7264,7419,7326,7246,7259,7333,7254,7226,7235,7288,7232,7223,7251,7222,7235,7267,7259,7118,7224,7118,7172,7107,7087,7068,7125,7102,7108,7070,7028,7051,7051,7096,7007,6984,7050,6932,6989,6991,7026,6954,7063,7023,6953,6886,6992,6933,6926,6992,6856,7018,7006,6948,6944,6854,6936,6888,6764,7024,6876,6867,6853,6828,6871,6855,6831,6771,6757,6819,6829,6819,6719,6791,6776,6749,6756,6813,6823,6796,6701,6872,6761,6787,6708,6746,6838,6739,6802,6819,6805,6707,6762,6721,6665,6692,6693,6703,6629,6627,6599,6703,6637,6623,6596,6612,6586,6634,6569,6622,6640,6645,6551,6548,6561,6570,6522,6591,6541,6524,6679,6576,6537,6617,6580,6541,6594,6490,6511,6507,6457,6458,6460,6449,6459,6458,6453,6389,6333,6347,6321,6315,6385,6299,6430,6377,6325,6296,6299,6269,6335,6334,6344,6279,6283,6292,6334,6309,6308,6342,6292,6336,6223,6287,6242,6227,6228,6245,6194,6171,6142,6107,6153,6166,6142,6046,6051,6090,6074,6039,6050,6093,6001,6042,6005,6035,5995,5998,6013,6060,6002,6064,6036,5946,6053,5966,5972,6023,5975,6010,5965,5945,6044,5981,5967,5908,5968,5866,5880,5858,5914,5817,5802,5848,5826,5808,5841,5743,5776,5803,5796,5798,5795,5779,5684,5845,5778,5771,5743,5740,5792,5784,5728,5749,5780,5775,5778,5770,5755,5812,5712,5795,5757,5703,5766,5791,5745,5707,5729,5728,5736,5677,5706,5713,5665,5609,5634,5626,5598,5637,5640,5534,5555,5602,5703,5641,5581,5682,5579,5657,5625,5690,5542,5547,5545,5587,5563,5571,5666,5604,5601,5586,5511,5587,5606,5490,5543,5504,5544,5619,5527,5531,5540,5587,5408,5427,5453,5436,5422,5398,5415,5431,5409,5419,5311,5361,5332,5304,5365,5324,5283,5275,5299,5339,5314,5342,5314,5286,5281,5262,5267,5355,5257,5250,5261,5261,5290,5283,5216,5215,5234,5238,5227,5275,5181,5210,5191,5200,5124,5141,5074,5117,5102,5073,5115,5141,5034,5055,5056,5040,5031,4979,5060,5029,5032,4967,4964,5076,5053,5015,5009,4968,5034,4953,4944,4965,5039,4994,5006,4950,4983,4923,4968,4953,4924,4950,4939,4968,4962,4920,4961,4862,4962,4903,4913,4886,4862,4863,4897,4908,4869,4789,4825,4864,4750,4848,4860,4848,4794,4809,4808,4839,4707,4786,4771,4813,4701,4800,4795,4815,4767,4718,4770,4772,4762,4792,4772,4763,4794,4773,4743,4760,4776,4702,4762,4785,4740,4726,4762,4757,4739,4756,4723,4745,4776,4701,4708,4749,4702,4674,4661,4694,4648,4677,4629,4651,4635,4608,4643,4647,4583,4511,4587,4550,4549,4598,4604,4570,4589,4606,4624,4597,4551,4607,4623,4606,4570,4524,4587,4587,4519,4600,4632,4540,4554,4577,4586,4549,4588,4494,4536,4594,4568,4507,4538,4520,4547,4543,4432,4520,4439,4458,4470,4406,4463,4418,4378,4419,4384,4396,4366,4412,4332,4441,4415,4394,4390,4338,4335,4339,4375,4343,4330,4365
23651,23347,23409,23254,23160,23103,23138,23094,23233,23109,23150,22776,22801,22783,22448,22512,22462,22506,22264,22166,22332,22246,22316,22185,22115,22130,22228,22156,22185,21975,22035,21886,21995,21904,21781,21739,21739,21564,21631,21530,21346,21602,21511,21550,21566,21363,21368,21251,21400,21555,21518,21746,21567,21478,21542,21278,21405,21366,21369,21321,21259,21381,21306,21406,21320,21358,21347,21160,21184,21292,21186,21087,21097,21058,21165,21028,20976,20989,21075,20933,21009,20915,20846,20920,20971,21033,20919,20800,20731,20852,20975,20938,20749,20767,20880,20721,20777,20937,20772,20701,20716,20761,20843,20800,20803,20892,20784,20951,20834,21053,20998,21076,20911,20965,20982,20839,21065,21009,21017,20986,21164,20975,21102,21076,21059,21223,20897,20833,20960,21033,20985,20984,20872,20904,20898,20922,20892,20961,20908,20930,20773,21071,20961,20806,20889,21042,20866,20994,20867,20880,20790,20723,20922,20885,20770,21008,21075,21027,21148,20946,20942,21061,21055,21159,20983,21118,21043,21084,21136,21033,21104,21218,21158,21167,21186,21178,21141,21099,21111,21124,21136,21093,21079,21333,21195,21070,21123,21092,21203,21168,21217,21143,21241,21206,21200,21125,21251,21274,21102,21187,21264,21240,21076,21205,21171,21304,21158,21324,21323,21234,21407,21298,21312,21119,21321,21360,21295,21378,21231,21309,21390,21397,21152,21462,21344,21462,21366,21448,21375,21535,21409,21520,21423,21428,21447,21525,21395,21384,21336,21479,21376,21498,21297,21455,21359,21213,21367,21279,21361,21418,21579,21387,21372,21470,21449,21428,21399,21360,21456,21493,21459,21146,21285,21433,21143,21189,21191,21186,21241,21243,21132,21259,21232,21216,21248,21187,21097,21320,21299,21248,21377,21169,21219,21212,21252,21320,21300,21174,21168,21290,21236,21278,21390,21271,21393,21389,21190,21242,21236,21355,21385,21314,21507,21359,21126,21323,21234,21293,21207,21171,21114,21300,21264,21128,21163,21149,21071,21259,21359,21129,21121,21251,21131,21047,21283,21176,21107,21119,21091,21145,21141,20980,21124,21110,21047,21035,21041,20892,20925,20894,21061,20956,20991,20992,20964,21031,21066,20981,21060,20914,20933,20938,20882,21036,20869,21073,20978,20803,21022,21132,20958,20990,21061,20969,21005,21021,21194,21022,21096,20993,21090,20961,20946,21038,21028,21065,20906,20992,20982,21111,21039,20935,20942,20988,20890,21027,20883,20903,20846,20871,21005,21050,20905,21010,21001,21067,20958,20868,21007,20937,20929,20870,20851,20722,20868,20801,20811,20861,20776,20756,20741,20709,20609,20825,20782,20798,20870,20617,20589,20665,20619,20666,20626,20841,20785,20686,20644,20818,20668,20785,20761,20743,20855,20804,20548,20667,20653,20753,20800,20619,20862,20744,20729,20680,20698,20760,20750,20651,20719,20808,20741,20618,20765,20601,20587,20635,20644,20750,20773,20693,20734,20655,20555,20615,20580,20694,20752,20690,20702,20690,20721,20476,20611,20756,20655,20705,20760,20706,20573,20525,20601,20574,20521,20527,20580,20554,20627,20604,20527,20558,20619,20518,20633,20580,20577,20509,20450,20571,20550,20560,20505,20436,20337,20452,20299,20466,20559,20418,20234,20527,20312,20205,20432,20264,20225,20339,20309,20522,20394,20405,20297,20386,20269,20368,20240,20184,20279,20472,20320,20220,20383,20204,20307,20214,20284,20314,20263,20412,20332,20259,20366,20343,20423,20412,20250,20511,20338,20304,20437,20369,20387,20432,20192,20430,20378,20445,20353,20412,20332,20200,20325,20416,20494,20404,20267,20394,20419,20408,20410,20422,20244,20274,20406,20235,20387,20221,20384,20384,20246,20427,20315,20307,20429,20306,20487,20385,20393,20445,20325,20279,20237,20410,20230,20273,20366,20305,20359,20192,20194,20071,20166,20141,20087,19977,20094,20094,20068,20172,20154,19997,20147,20077,20138,20019,20204,20197,20148,20262,20194,19891,20041,20090,20217,20061,20120,20126,20072,20078,20121,20157,20125,19970,20045,20064,19983,20100,19966,20036,20003,19949,19938,19967,19997,20008,19797,19902,19940,19896,19798,19824,19822,19826,19938,19884,20043,19952,20000,19958,19802,20013,19918,19872,19994,19868,19956,19853,19687,19837,19741,19712,19714,19622,19787,19615,19572,19618,19768,19507,19580,19660,19407,19603,19517,19568,19387,19556,19425,19416,19565,19385,19368,19375,19371,19371,19531,19361,19430,19399,19305,19196,19226,19287,19304,19294,19205,19287,19238,19221,19112,19200,19266,19254,19147,19327,19217,19334,19140,19409,19397,19359,19368,19382,19412,19596,19631,19448,19573,19486,19535,19463,19502,19467,19191,19344,19259,19301,19176,19007,18939,18983,19063,19137,19097,19152,19212,19047,19151,19178,19182,19154,19135,19299,19170,19243,19217,19141,19070,19110,19035,19036,19165,18942,18909,19009,19188,18920,18923,18935,18903,18903,19051,18911,18947,18790,18730,18958,18663,18852,18762,18834,18818,18917,18727,18975,18851,18746,18877,18782,18660,18710,18764,18648,18739,18649,18581,18637,18636,18602,18638,18462,18738,18547,18522,18579,18533,18560,18648,18490,18380,18608,18436,18535,18531,18432,18576,18526,18455,18371,18525,18595,18516,18331,18511,18497,18480,18481,18363,18508,18249,18356,18513,18245,18398,18256,18382,18296,18227,18352,18242,18372,18319,18512,18516,18504,18332,18428,18395,18558,18385,18293,18239,18101,18294,18179,18302,18138,18039,18120,18043,18099,18137,18037,17966,18023,18001,17875,18042,18086,18016,17976,18009,17864,17902,17979,17854,17971,18060,18008,17861,18019,17954,18059,18037,17775,17857,17864,17868,17863,17740,17888,17838,17833,17922,17887,17920,17777,17722,17901,17896,17867,17699,17595,17854,17757,17692,17663,17594,17603,17667,17795,17648,17748,17739,17777,17707,17713,17757,17815,17718,17693,17874,17907,17937,17915,17876,17835,17716,17847,17732,17987,17819,18033,17947,17878,17826,17791,17864,17853,17681,17838,17852,17904,17819,17749,17746,17893,17933,17858,17800,17847,17815,17958,17803,17828,17928,18087,17977,17909,17910,17910,17962,17818,17880,18037,17945,18046,17833,17894,17788,17789,17954,17916,17819,17858,17950,17836,17915,17905,17866,17921,17880,17901,17816,17810,17890,17793,17725,17838,17843,17789,17849,17743,17688,17767,17789,17609,17693,17861,17704,17590,17646,17726,17615,17618,17638,17467,17570,17600,17450,17587,17545,17594,17686,17703,17625,17558,17460,17620,17646,17586,17436,17542,17586,17583,17433,17566,17485,17534,17379,17498,17426,17541,17447,17427,17442,17442,17200,17282,17423,17400,17371,17414,17350,17320,17401,17358,17390,17249,17344,17236,17222,17232,17369,17206,17303,17213,17165,17202,17243,17084,17211,17257,17142,17108,17134,17106,17174,17110,17095,17197,17138,17092,16946,16984,16938,17011,16842,16833,16674,16774,16691,16777,16785,16788,16668,16631,16512,16602,16557,16646,16559,16502,16470,16438,16429,16482,16427,16407,16311,16316,16405,16485,16475,16547,16416,16412,16470,16409,16392,16358,16468,16289,16303,16250,16153,16196,16273,16332,16159,16353,16334,16296,16347,16174,16153,16363,16259,16284,16408,16457,16337,16311,16418,16307,16404,16386,16395,16232,16288,16311,16214,16064,16271,16165,16279,16259,16168,16161,16132,16275,16321,16291,16178,16333,16169,16342,16245,16236,16357,16434,16300,16534,16463,16475,16490,16539,16494,16560,16363,16623,16500,16324,16403,16463,16447,16493,16364,16531,16417,16288,16310,16400,16378,16361,16310,16208,16313,16200,16244,16138,16126,16203,16166,15993,16079,15989,15995,16094,15889,16004,15861,15839,15603,15633,15816,15619,15511,15583,15514,15524,15397,15437,15420,15466,15461,15373,15423,15376,15299,15441,15282,15238,15329,15518,15339,15389,15260,15336,15338,15219,15138,15219,15241,15048,15302,15023,15171,15113,15107,15053,15223,15242,15087,15099,15173,15189,15155,15123,15070,15143,15174,15205,15058,15262,15110,15133,15084,15020,15039,15031,15040,14969,14844,14992,15032,14851,14933,14936,15001,15055,15035,14902,14900,14814,14880,15023,15047,15065,14937,14897,14850,14934,14993,14839,14946,14863,14798,14755,14882,14830,14748,14756,14876,14784,14735,14799,14723,14734,14737,14898,14780,14798,14778,14659,14657,14616,14634,14732,14675,14697,14725,14597,14702,14648,14736,14703,14586,14604,14660,14551,14642,14639,14663,14667,14613,14566,14523,14451,14589,14559,14498,14323,14571,14453,14518,14543,14519,14491,14547,14674,14583,14538,14582,14489,14521,14530,14438,14503,14425,14469,14483,14361,14487,14358,14370,14401,14383,14362,14375,14343,14357,14254,14112,14250,14171,14132,14255,14213,14224,14343,14297,14355,14273,14208,14232,14223,14331,14296,14341,14158,14162,14077,14360,14340,14206,14364,14358,14284,14341,14325,14230,14375,14289,14298,14392,14296,14396,14383,14314,14359,14347,14274,14146,14110,14189,14183,14224,14040,14046,14043,14032,13924,13842,13945,13898,13944,13897,13779,13797,13924,13848,13893,13680,13785,13731,13839,13519,13774,13734,13746,13655,13585,13771,13689,13780,13639,13644,13719,13540,13454,13447,13600,13552,13458,13550,13339,13360,13327,13273,13132,13331,13190,13153,13164,13211,13266,13191,13040,13207,13095,13174,13223,13158,13188,13217,13135,13108,13045,13065,13051,13061,13071,12887,12980,12947,12892,12920,12776,12862,12890,12792,12801,12848,12780,12651,12707,12742,12667,12617,12752,12707,12690,12588,12564,12700,12642,12668,12637,12747,12673,12614,12459,12537,12587,12363,12510,12552,12480,12473,12304,12372,12374,12373,12333,12234,12309,12434,12292,12178,12290,12197,12203,12265,12235,12275,12211,12195,12206,12190,12258,12233,12356,12134,12393,12190,12256,12238,12167,12217,12257,12241,12212,12143,12111,12044,12049,12053,12085,12034,11967,12001,12023,11972,11939,11912,11953,11935,11901,11971,11968,12141,12050,12026,12029,11996,11894,12027,12050,12110,12054,11976,12078,12035,12055,11937,11975,11906,12110,11837,11867,11988,11742,11863,11926,11826,11757,11877,11922,11731,11810,11778,11734,11780,11823,11871,11899,11757,11757,11745,11762,11733,11721,11799,11848,11861,11814,11837,11954,11778,11859,11828,11799,11710,11669,11722,11672,11660,11567,11636,11629,11559,11558,11555,11553,11610,11543,11443,11537,11483,11564,11400,11476,11369,11416,11382,11475,11537,11497,11415,11519,11413,11543,11488,11518,11405,11331,11476,11324,11503,11410,11311,11440,11347,11429,11387,11288,11387,11133,11158,11310,11184,11140,11187,11194,11142,11088,11059,11017,10997,10996,10961,11070,10943,11037,10994,11003,11049,10903,10905,11006,11037,10936,11029,11133,10984,11044,11097,11019,10950,11005,10940,10915,10918,10850,10861,11026,10766,10908,10729,10727,10710,10747,10652,10722,10657,10740,10687,10644,10772,10763,10714,10626,10637,10689,10668,10705,10668,10645,10700,10749,10694,10790,10699,10806,10897,10812,10657,10762,10706,10671,10783,10657,10692,10687,10582,10663,10575,10700,10515,10558,10624,10510,10542,10394,10562,10435,10430,10397,10446,10501,10568,10501,10426,10493,10484,10459,10544,10493,10518,10459,10539,10448,10419,10492,10498,10447,10435,10476,10482,10387,10415,10415,10510,10381,10426,10449,10479,10456,10430,10326,10375,10187,10279,10253,10193,10164,10216,10146,10249,10163,10101,10149,10018,10115,9924,10037,9885,9962,10055,9994,9952,9977,10003,10124,10027,9989,10023,9946,10001,10013,10067,9937,9927,9990,9897,9927,9953,10017,9847,9933,9907,9851,9783,9824,9772,9711,9626,9557,9675,9625,9572,9631,9596,9547,9600,9596,9548,9539,9478,9471,9465,9469,9467,9589,9538,9474,9539,9536,9500,9495,9471,9532,9484,9620,9493,9502,9481,9455,9404,9499,9515,9392,9440,9421,9463,9427,9499,9364,9484,9467,9464,9254,9340,9284,9270,9303,9234,9280,9165,9199,9171,9179,9139,9183,9172,9131,9091,9154,9125,9010,9052,9073,9165,9037,9130,9124,9067,9126,9131,9102,9175,9155,9256,9161,9152,9231,9144,9242,9233,9221,9191,9209,9230,9152,9163,9165,9214,9178,9204,9214,9134,9127,9069,9076,9005,9069,9063,9053,8945,8970,8964,8983,8960,8948,8916,8924,8811,8775,8954,8910,8874,8854,8786,8856,8812,8795,8816,8837,8946,8768,8913,8782,8820,8812,8841,8815,8828,8836,8836,8895,8899,8908,8920,8894,8848,8789,8918,8866,8777,8754,8683,8824,8774,8696,8765,8714,8668,8622,8599,8682,8613,8552,8571,8553,8413,8493,8472,8474,8492,8471,8605,8389,8341,8383,8236,8379,8309,8296,8392,8373
16224,16290,16218,16269,16304,16279,16226,16178,16112,16130,16167,16052,16051,16178,16227,16116,16181,16134,16076,16106,16130,16022,16150,16049,16068,16047,16088,16061,16045,16012,15895,15970,15975,15950,15797,15991,15848,15873,15989,15713,15816,15940,15859,15823,15846,15875,15853,15772,15818,15833,15820,15843,15806,15724,15837,15790,15842,15791,15800,15833,15900,15804,15652,15864,15816,15900,15665,15829,15864,15766,15796,15728,15657,15691,15697,15587,15794,15552,15585,15688,15522,15662,15524,15563,15533,15537,15491,15512,15383,15547,15489,15456,15449,15457,15360,15383,15335,15246,15353,15578,15274,15303,15286,15224,15332,15338,15339,15265,15396,15360,15285,15342,15183,15158,15372,15203,15197,15217,15318,15230,15269,15128,15153,15036,15090,15259,15105,15087,15004,15063,15066,14972,14986,14874,14891,15022,14934,14827,14803,14794,14855,14848,14863,14770,14781,14793,14794,14596,14608,14607,14707,14640,14772,14650,14656,14582,14705,14732,14671,14774,14716,14614,14672,14545,14542,14653,14428,14686,14717,14492,14524,14593,14585,14642,14516,14572,14473,14474,14403,14505,14433,14430,14436,14548,14315,14402,14404,14355,14375,14447,14275,14437,14409,14288,14352,14265,14271,14172,14272,14290,14177,14101,14173,14152,14103,14244,14147,14188,14194,14225,14172,14117,14056,14145,14161,14105,14195,14006,14039,14194,14003,14047,14124,14066,14104,14022,14028,13923,14061,13922,13962,13957,13934,13988,13931,13864,13912,13963,13833,13783,13935,13817,13840,13800,13687,13661,13712,13741,13654,13649,13681,13688,13550,13679,13534,13622,13583,13534,13662,13518,13524,13430,13564,13512,13404,13481,13493,13324,13400,13384,13335,13317,13346,13326,13431,13325,13328,13415,13278,13364,13239,13232,13345,13156,13197,13229,13171,13213,13139,13190,13249,13239,13169,13186,13072,13081,12985,13129,13164,13142,13024,13152,13130,13112,13030,13053,12981,13010,12924,13014,12887,12909,12951,12939,12895,12964,12875,12894,12835,12891,12868,12827,12734,12680,12873,12842,12738,12755,12689,12747,12638,12714,12609,12588,12584,12635,12512,12543,12569,12527,12478,12552,12450,12439,12417,12444,12428,12442,12519,12364,12514,12357,12281,12363,12364,12308,12416,12298,12263,12279,12192,12428,12232,12259,12386,12308,12428,12278,12295,12203,12160,12244,12230,12328,12171,12191,12225,12176,12147,12088,12177,12134,12153,12246,12094,12138,12063,12165,12044,12099,12012,12069,11967,12066,11918,12052,11954,11889,12025,12006,12000,11943,11857,11934,11925,11887,11868,11913,11865,11918,11904,11895,11950,11880,11857,11900,11883,11803,11894,11861,11971,11920,11811,11998,11807,11943,11846,11901,11805,11792,11922,11908,11901,11852,11886,11951,11903,11851,11870,11848,11921,11937,11871,11990,11919,11886,11787,11776,11798,11817,11819,11821,11825,11811,11902,11878,11747,11736,11858,11862,11650,11748,11764,11634,11716,11772,11843,11733,11750,11737,11616,11694,11687,11733,11700,11764,11828,11558,11727,11758,11698,11691,11711,11808,11589,11745,11676,11692,11714,11858,11695,11703,11738,11730,11707,11698,11715,11597,11691,11596,11570,11724,11659,11508,11604,11539,11571,11452,11506,11469,11425,11351,11362,11411,11258,11191,11173,11151,11218,11131,11260,11050,11172,11135,11110,11064,11040,11152,11007,10914,10997,10873,10956,10876,10872,10867,10812,10796,10772,10851,10824,10766,10693,10823,10691,10625,10675,10606,10645,10601,10552,10716,10488,10622,10591,10476,10470,10421,10477,10409,10461,10404,10297,10406,10366,10278,10269,10287,10231,10370,10242,10241,10203,10252,10238,10173,10171,10120,10216,10109,10232,10150,10063,10004,10058,10007,9979,10087,9965,10084,10103,9978,10079,9960,9950,10039,9889,10103,9940,9969,9992,9980,10000,9906,9953,9969,9812,10063,9949,9822,9894,9970,9946,9975,9975,9973,9914,9907,9819,9860,9895,9836,9840,9736,9816,9780,9809,9724,9817,9717,9786,9749,9731,9737,9696,9684,9660,9528,9587,9676,9675,9590,9644,9665,9655,9571,9589,9617,9518,9576,9581,9578,9506,9445,9472,9588,9493,9534,9397,9514,9491,9442,9427,9374,9422,9412,9498,9398,9349,9346,9354,9421,9364,9330,9395,9296,9251,9326,9276,9358,9280,9305,9192,9318,9225,9290,9210,9179,9261,9259,9278,9235,9227,9229,9221,9284,9195,9270,9096,9130,9075,9113,9215,9139,9157,9043,9132,9153,9111,9134,9121,9113,9145,9116,9015,9063,9173,8985,9144,9106,9177,9072,8984,9055,9090,8976,9023,9023,9101,9079,8947,9011,9010,9017,8967,9000,9050,9056,8981,8944,8977,9014,8942,8948,8897,8928,8955,8881,9053,8907,8940,8882,8942,8897,8888,8821,8851,8881,8809,8882,8827,8741,8805,8781,8867,8842,8778,8694,8756,8898,8779,8777,8695,8749,8678,8773,8616,8667,8685,8819,8655,8708,8643,8652,8646,8634,8691,8618,8554,8578,8727,8589,8593,8572,8671,8592,8563,8515,8477,8589,8503,8614,8517,8537,8456,8496,8612,8515,8551,8513,8513,8557,8475,8541,8366,8379,8460,8521,8423,8540,8491,8541,8493,8335,8383,8448,8463,8445,8389,8330,8434,8390,8325,8447,8348,8287,8288,8352,8451,8310,8319,8333,8308,8235,8288,8310,8206,8300,8307,8212,8212,8244,8214,8280,8208,8242,8162,8247,8179,8248,8202,8189,8203,8280,8177,8132,8095,8073,8087,8093,8033,8057,8056,8062,8134,8105,8006,8022,7971,8003,8020,7929,8014,8022,7998,7995,7914,7996,7972,7891,7962,7863,7880,7938,7895,7921,7915,7864,7875,7860,7771,7759,7792,7763,7717,7892,7716,7835,7813,7807,7722,7745,7679,7670,7774,7808,7755,7750,7690,7731,7736,7707,7715,7729,7745,7650,7681,7628,7650,7652,7645,7609,7571,7595,7651,7627,7675,7637,7608,7548,7552,7550,7535,7643,7510,7537,7565,7521,7561,7525,7592,7620,7527,7475,7510,7550,7496,7526,7522,7474,7464,7482,7408,7416,7511,7449,7491,7488,7427,7407,7483,7414,7385,7391,7515,7492,7358,7374,7402,7393,7388,7290,7402,7235,7292,7325,7293,7352,7370,7251,7282,7304,7269,7324,7210,7287,7251,7208,7209,7196,7179,7285,7187,7212,7166,7203,7139,7146,7175,7178,7119,7125,7138,7124,7152,7123,7059,7078,7130,7065,7176,7022,7058,6998,6974,7062,7044,6992,6976,7014,7030,6984,6928,6997,6949,6939,6951,6895,6914,6817,6891,6911,6966,6878,6877,6951,6844,6858,6908,6798,6870,6815,6787,6850,6793,6799,6804,6770,6748,6771,6648,6707,6717,6748,6701,6651,6739,6737,6757,6685,6758,6705,6646,6659,6611,6573,6562,6638,6555,6562,6552,6644,6487,6566,6577,6562,6518,6542,6517,6368,6530,6517,6503,6456,6471,6420,6376,6469,6377,6415,6488,6383,6403,6360,6411,6391,6342,6375,6296,6346,6291,6277,6324,6305,6260,6353,6310,6277,6228,6182,6187,6216,6259,6150,6222,6235,6190,6183,6170,6202,6107,6174,6099,6142,6125,6145,6148,6109,6123,6100,6107,6072,6038,6003,6073,6029,6059,6097,5997,6020,6033,5995,6013,6003,6033,5997,6012,5925,5949,5925,5912,5943,5965,5987,5943,5940,5914,5807,5952,5959,5876,5861,5853,5861,5878,5856,5896,5802,5815,5846,5871,5831,5823,5797,5776,5830,5735,5796,5792,5798,5817,5731,5797,5706,5695,5699,5771,5676,5749,5795,5728,5706,5661,5655,5724,5671,5699,5643,5614,5666,5593,5661,5577,5651,5643,5594,5579,5621,5558,5607,5567,5563,5585,5526,5498,5539,5554,5491,5565,5436,5521,5548,5491,5462,5521,5493,5504,5484,5472,5347,5394,5403,5408,5443,5478,5412,5438,5406,5452,5411,5440,5417,5423,5371,5398,5377,5378,5418,5395,5374,5362,5362,5282,5279,5349,5332,5251,5270,5279,5292,5271,5281,5271,5307,5265,5204,5259,5195,5272,5284,5218,5302,5312,5226,5236,5254,5243,5222,5155,5218,5229,5219,5222,5151,5130,5157,5166,5177,5157,5179,5183,5231,5191,5168,5124,5171,5185,5151,5195,5161,5132,5141,5141,5120,5121,5146,5082,5063,5073,5100,5007,5061,5099,5070,4991,5054,5017,5034,5049,4994,5017,4998,5007,5001,4977,5000,4953,4984,5000,4950,4979,5018,4983,5049,4955,4966,4987,4981,4933,4950,4997,4966,4920,4905,4928,4942,4894,4789,4877,4885,4897,4849,4940,4927,4904,4892,4834,4881,4829,4849,4872,4857,4868,4867,4835,4825,4863,4826,4804,4862,4778,4750,4803,4799,4791,4808,4754,4729,4756,4765,4747,4719,4739,4777,4757,4750,4799,4755,4725,4737,4761,4727,4749,4751,4749,4696,4769,4714,4677,4735,4695,4716,4690,4711,4679,4717,4680,4701,4661,4719,4663,4633,4700,4668,4622,4642,4632,4691,4701,4621,4704,4658,4668,4698,4654,4669,4633,4680,4650,4661,4593,4680,4628,4617,4635,4624,4647,4587,4585,4579,4621,4557,4624,4580,4615,4533,4592,4598,4538,4584,4544,4517,4541,4593,4618,4557,4561,4515,4543,4523,4536,4543,4552,4489,4487,4479,4504,4492,4467,4538,4501,4543,4505,4456,4386,4458,4376,4368,4427,4401,4435,4415,4430,4402,4398,4452,4443,4472,4406,4456,4437,4422,4451,4439,4379,4405,4331,4373,4349,4311,4379,4343,4380,4364,4321,4292,4315,4315,4300,4295,4278,4299,4294,4329,4283,4309,4344,4297,4272,4290,4257,4303,4305,4329,4318,4287,4281,4334,4333,4278,4288,4241,4255,4218,4256,4282,4253,4241,4226,4199,4195,4213,4222,4154,4157,4160,4190,4173,4146,4164,4226,4267,4206,4164,4126,4195,4160,4166,4259,4233,4249,4164,4213,4173,4229,4137,4140,4185,4193,4149,4160,4162,4180,4108,4171,4160,4182,4150,4138,4093,4150,4105,4109,4091,4133,4098,4087,4090,4135,4105,4091,4091,4124,4167,4047,4207,4101,4103,4068,4147,4089,4116,4073,4114,4087,4119,4133,4015,4023,4007,4027,3990,4030,4033,4006,3957,3974,3997,3953,3975,3951,4016,3993,4006,3967,3985,3991,4019,3948,4001,3980,3983,3952,3984,3985,3972,3938,3956,3948,3919,4010,3943,3912,3955,3897,3915,3948,3901,3947,3892,3970,3874,3866,3887,3806,3864,3801,3851,3796,3825,3825,3761,3814,3839,3854,3804,3807,3912,3805,3826,3847,3833,3851,3821,3835,3821,3844,3836,3782,3815,3838,3795,3830,3761,3764,3795,3747,3791,3787,3731,3713,3742,3751,3743,3742,3731,3722,3749,3728,3732,3739,3705,3728,3724,3714,3710,3749,3748,3729,3739,3711,3723,3705,3720,3717,3729,3738,3755,3691,3705,3723,3701,3666,3706,3676,3722,3714,3684,3663,3668,3680,3632,3712,3641,3649,3659,3664,3672,3653,3630,3685,3624,3625,3675,3618,3623,3635,3643,3630,3635,3607,3622,3664,3626,3638,3645,3695,3610,3608,3653,3643,3671,3623,3623,3608,3612,3607,3568,3593,3596,3585,3578,3598,3575,3576,3552,3566,3547,3591,3584,3543,3500,3523,3513,3488,3482,3499,3486,3475,3514,3494,3465,3501,3477,3559,3528,3545,3504,3489,3466,3493,3457,3452,3490,3486,3470,3420,3501,3459,3478,3460,3498,3474,3429,3451,3415,3415,3405,3411,3373,3420,3351,3402,3431,3416,3410,3364,3388,3382,3342,3311,3369,3373,3373,3340,3408,3375,3357,3379,3377,3382,3379,3397,3355,3377,3385,3303,3382,3371,3327,3351,3353,3331,3384,3339,3332,3348,3338,3349,3367,3294,3311,3330,3269,3339,3287,3296,3304,3322,3272,3269,3299,3251,3330,3251,3252,3238,3242,3215,3240,3274,3255,3242,3227,3284,3271,3248,3267,3268,3232,3236,3230,3260,3295,3277,3253,3280,3259,3261,3295,3289,3251,3256,3251,3281,3273,3232,3279,3256,3288,3234,3242,3267,3205,3257,3224,3211,3184,3214,3203,3217,3205,3189,3191,3204,3199,3184,3172,3207,3160,3144,3200,3191,3188,3174,3186,3187,3147,3201,3184,3171,3181,3148,3129,3169,3179,3147,3193,3156,3149,3148,3227,3187,3164,3121,3122,3149,3140,3162,3160,3130,3142,3128,3147,3120,3137,3183,3137,3135,3081,3127,3151,3100,3088,3090,3073,3063,3040,3085,3110,3091,3038,3064,3031,3038,3035,3062,3039,3068,3050
21989,22017,21830,21860,21752,21898,21677,21905,21745,21746,21845,21875,21668,21509,21412,21289,21205,21151,21145,21155,21039,21090,21058,21111,20991,21078,21081,20948,21009,20980,20911,20730,20783,20572,20635,20575,20435,20203,20229,20427,20243,20305,20317,20299,20193,20123,20259,20039,20018,20233,20331,20460,20267,20182,20266,20095,20274,20122,20097,20098,19970,19953,20071,20132,20062,20068,19900,19862,20023,19990,19874,19992,19927,19755,19723,19730,19751,19692,19877,19704,19695,19537,19596,19569,19573,19570,19542,19382,19440,19484,19496,19484,19454,19443,19519,19487,19401,19375,19464,19302,19389,19423,19459,19381,19429,19443,19489,19563,19475,19630,19564,19512,19620,19687,19564,19464,19647,19464,19649,19484,19691,19589,19704,19661,19594,19426,19468,19490,19621,19583,19530,19559,19376,19431,19411,19336,19456,19477,19488,19244,19404,19402,19417,19479,19408,19469,19439,19535,19307,19413,19516,19461,19636,19394,19541,19459,19545,19685,19532,19556,19575,19662,19554,19697,19575,19823,19719,19639,19710,19637,19710,19661,19660,19863,19574,19687,19806,19718,19610,19723,19754,19615,19830,19692,19715,19819,19549,19825,19713,19688,19723,19706,19858,19678,19870,19793,19892,19762,19727,19679,19782,19735,19727,19711,19730,19764,19774,19883,19775,19692,19802,19919,19831,19731,20051,19628,19946,19771,19820,19850,20087,19910,19778,19905,20015,19942,19954,20092,20016,19905,20192,19965,19877,20090,19993,19899,19975,19993,19981,19986,20009,20019,19964,20057,19926,19874,19930,19987,19756,19976,19825,19782,19889,20060,19964,20053,19867,19795,19893,19929,19808,19824,19678,19861,19680,19679,19653,19846,19716,19777,19857,19726,19682,19619,19726,19714,19586,19747,19797,19768,19719,19778,19756,19795,19638,19776,19689,19739,19714,19795,19698,19671,19786,19830,19684,19711,19873,19714,19758,19721,19692,19732,19820,19591,19905,19626,19860,19716,19628,19777,19416,19714,19689,19696,19626,19733,19567,19669,19532,19759,19728,19679,19698,19596,19517,19741,19596,19596,19636,19578,19586,19447,19525,19578,19475,19488,19400,19564,19474,19524,19461,19519,19454,19430,19511,19463,19380,19490,19413,19602,19367,19343,19498,19474,19353,19369,19331,19245,19435,19366,19353,19278,19513,19486,19418,19332,19544,19385,19392,19491,19354,19364,19538,19437,19337,19370,19430,19407,19426,19489,19292,19436,19501,19405,19411,19297,19436,19372,19288,19362,19435,19357,19330,19367,19462,19378,19251,19267,19270,19404,19451,19375,19261,19289,19372,19156,19290,19256,19358,19341,19282,19200,19220,19220,19121,19183,19078,19258,19180,19181,19071,18969,19193,19301,19149,19043,19431,19142,19161,19329,19298,19178,19248,19364,19098,19233,19106,19172,19193,19192,19112,19178,19072,19276,19233,19341,19145,19264,19212,19124,19140,19083,19199,19399,19391,19368,19042,19064,19225,19048,19176,19131,19202,19082,19035,19065,19180,19066,19119,19102,18992,19020,18995,19053,19270,18923,18966,19025,18940,19016,19080,19009,18891,19011,18983,19018,18933,18828,18950,19000,18998,18866,18878,18962,19035,18944,18831,18899,18764,18748,18822,18755,18742,18836,18789,18789,18829,18824,18692,18680,18726,18802,18721,18802,18779,18835,18702,18668,18716,18739,18816,18645,18711,18742,18709,18640,18593,18555,18614,18823,18679,18800,18618,18729,18613,18694,18667,18664,18662,18788,18706,18693,18689,18618,18651,18576,18716,18592,18607,18582,18686,18680,18510,18478,18491,18642,18551,18548,18775,18613,18640,18628,18607,18562,18509,18521,18570,18458,18457,18490,18592,18615,18514,18610,18580,18398,18453,18448,18486,18553,18531,18501,18559,18575,18617,18614,18497,18627,18490,18453,18513,18377,18334,18355,18446,18394,18447,18376,18411,18202,18119,18393,18171,18455,18322,18225,18251,18373,18180,18198,18252,18346,18241,18296,18342,18347,18287,18319,18330,18204,18283,18221,18345,18381,18249,18136,18211,18344,18367,18362,18368,18373,18147,18211,18320,18242,18152,18318,18267,18260,18214,18208,18236,18189,18186,18108,18162,18118,18137,18224,18033,18044,18145,17972,18110,18075,18141,18193,18302,18109,18064,18249,18013,18125,18123,17909,18009,17993,17983,17886,18014,18027,17880,17966,17966,17692,17828,17675,17834,17709,17758,17863,17707,17722,17675,17673,17641,17736,17567,17578,17592,17703,17723,17590,17600,17654,17714,17572,17626,17555,17451,17534,17388,17402,17549,17426,17431,17528,17385,17557,17417,17424,17377,17513,17448,17335,17424,17434,17447,17437,17526,17694,17623,17557,17598,17664,17551,17640,17519,17625,17564,17557,17363,17295,17311,17363,17388,17204,17244,17162,17251,17139,17383,17248,17212,17308,17370,17272,17274,17444,17196,17386,17392,17306,17186,17378,17242,17156,17323,17183,17219,17192,17144,17049,17088,17101,17066,17055,16954,17105,17108,17015,17098,17146,17044,17006,17096,17064,17022,16965,17060,17008,16953,16797,16987,16894,16662,16828,16711,16881,16918,16873,16805,16992,16838,16706,16789,16736,16790,16867,16857,16782,16880,16774,16805,16787,16669,16743,16752,16725,16680,16764,16587,16770,16737,16641,16721,16638,16684,16681,16668,16547,16653,16604,16588,16611,16562,16507,16572,16585,16573,16428,16410,16452,16526,16358,16549,16572,16424,16561,16544,16546,16460,16609,16575,16456,16399,16456,16592,16320,16412,16388,16503,16336,16362,16311,16203,16308,16193,16341,16261,16238,16083,16150,16195,16161,16062,16200,16259,16349,16155,16109,16226,16115,16134,16060,16231,16090,16077,16054,16165,16047,16137,16052,16105,15961,16024,15999,15908,16013,16154,15982,16016,16087,15954,15985,16028,15975,15900,15932,15913,15817,15805,15894,15871,15876,15811,15925,15841,15970,15795,15970,15935,15957,15919,15929,15915,15912,15893,16008,15900,15934,16042,16006,16029,16131,15957,15979,16167,16021,15914,16032,15955,15976,15856,15936,15947,16035,16088,15994,15991,15964,15961,16015,16002,15999,16000,16022,16114,15949,15900,15977,16082,15995,16055,16071,15912,15924,16052,15920,16228,16000,16045,16102,16060,16122,16076,16007,15964,15954,15863,16053,16059,16007,15943,15968,16020,15900,15975,15979,15918,15797,15913,15952,15940,15788,15895,15914,15920,15800,15914,15802,15909,15853,15796,15784,15724,15883,15740,15810,15773,15789,15619,15720,15603,15601,15654,15682,15723,15738,15653,15638,15755,15698,15640,15630,15619,15697,15689,15594,15642,15651,15615,15551,15765,15589,15592,15504,15469,15605,15522,15544,15474,15484,15619,15527,15454,15455,15533,15441,15345,15417,15384,15499,15265,15202,15352,15348,15288,15235,15424,15373,15368,15191,15399,15280,15412,15282,15286,15080,15143,15186,15340,15159,15294,15266,15239,15126,15122,15164,15125,15127,15138,14972,14960,14962,15003,15017,14829,14822,14816,14903,14752,14791,14797,14848,14735,14748,14671,14729,14617,14519,14603,14572,14608,14571,14615,14672,14435,14635,14603,14695,14624,14523,14624,14486,14625,14654,14629,14465,14563,14592,14479,14410,14450,14513,14513,14492,14401,14517,14436,14422,14488,14364,14272,14540,14379,14499,14359,14428,14400,14351,14319,14451,14391,14392,14432,14379,14377,14343,14449,14381,14379,14276,14436,14402,14289,14410,14241,14362,14322,14375,14307,14368,14350,14214,14295,14427,14518,14455,14421,14313,14463,14440,14361,14568,14387,14434,14567,14436,14409,14484,14397,14427,14489,14332,14484,14441,14288,14418,14402,14509,14376,14376,14281,14370,14345,14400,14427,14378,14150,14230,14153,14200,14170,14229,14135,14035,14123,13958,14027,13929,13985,13974,13775,13832,13788,13807,13679,13717,13769,13779,13770,13654,13665,13845,13807,13634,13769,13802,13585,13609,13639,13668,13664,13589,13504,13635,13609,13463,13488,13473,13550,13498,13550,13579,13441,13529,13506,13604,13638,13712,13577,13576,13553,13643,13472,13535,13613,13468,13410,13443,13746,13475,13472,13469,13440,13461,13332,13367,13425,13409,13357,13421,13183,13351,13419,13374,13265,13433,13380,13374,13463,13316,13401,13321,13411,13405,13338,13321,13363,13351,13326,13218,13270,13305,13316,13352,13278,13282,13195,13261,13285,13229,13092,13112,13261,13108,13151,13182,13080,13285,13172,13163,13149,13085,13248,13079,13091,13083,13098,13123,13178,13180,13113,13060,13053,13144,13095,13065,13020,12993,13003,13031,13001,13071,12913,13046,12931,12892,12960,12836,13010,13090,12967,13032,13010,13019,13064,12896,13026,13071,13029,12917,12960,12993,12941,12929,12832,12877,12830,12923,12933,12860,12882,12856,12810,12769,12817,12768,12854,12834,12821,12753,12766,12826,12719,12796,12762,12842,12809,12777,12721,12704,12816,12789,12725,12853,12814,12892,12795,12838,12660,12731,12823,12727,12723,12779,12840,12783,12800,12708,12768,12930,12757,12812,12791,12943,12786,12914,12876,12754,12805,12809,12798,12655,12708,12689,12722,12687,12561,12671,12666,12509,12424,12501,12487,12424,12416,12443,12366,12373,12364,12352,12460,12399,12267,12259,12314,12363,12321,12269,12156,12184,12309,12211,12180,12180,12116,12117,12180,12170,12058,12137,11946,11977,11960,12037,12042,11993,11858,11829,11772,11795,11801,11821,11756,11786,11695,11759,11744,11802,11839,11720,11738,11798,11671,11742,11851,11892,11697,11616,11754,11695,11676,11550,11686,11628,11698,11608,11564,11513,11469,11459,11363,11431,11416,11396,11418,11326,11394,11509,11350,11334,11396,11492,11466,11471,11398,11462,11438,11425,11443,11327,11323,11288,11267,11292,11326,11301,11194,11261,11157,11250,11115,11190,11253,11258,10970,11115,11126,11059,10985,11110,11002,11092,11092,11074,11042,11004,11049,11045,11105,11095,11050,11008,11163,11059,11074,11026,11017,10967,10957,10899,10914,11000,10996,10928,10902,10824,10819,10853,10774,10857,10844,10738,10771,10812,10805,10879,10863,10830,10815,10824,10946,10944,10814,10839,10912,10865,10878,10901,10923,10893,10885,10789,10850,10891,10751,10836,10672,10688,10685,10741,10778,10676,10722,10676,10651,10664,10655,10679,10675,10667,10707,10686,10677,10683,10643,10637,10559,10668,10528,10680,10575,10626,10635,10684,10804,10688,10659,10644,10702,10697,10569,10581,10530,10441,10572,10467,10388,10635,10493,10371,10406,10356,10420,10304,10375,10294,10334,10345,10330,10382,10409,10372,10321,10363,10371,10303,10310,10341,10263,10356,10402,10356,10284,10301,10333,10301,10233,10283,10277,10297,10233,10200,10241,10184,10193,10244,10067,10076,10041,10018,10082,10033,10082,10018,10009,10009,10084,10057,10056,10056,9929,9976,10044,9975,10045,9899,10047,10024,10001,10043,10077,9931,9917,9827,9928,9893,9870,9764,9938,9834,9904,9890,9800,9776,9775,9675,9615,9696,9735,9806,9809,9769,9690,9782,9623,9671,9667,9662,9635,9614,9564,9729,9730,9813,9798,9643,9666,9855,9726,9728,9747,9799,9709,9718,9719,9654,9672,9731,9673,9707,9705,9576,9647,9554,9640,9594,9719,9596,9608,9639,9422,9462,9458,9517,9450,9502,9437,9503,9511,9456,9375,9517,9533,9519,9504,9517,9439,9529,9441,9374,9484,9474,9515,9417,9440,9465,9503,9362,9446,9489,9391,9436,9465,9437,9408,9389,9338,9321,9451,9253,9287,9291,9335,9283,9228,9253,9198,9189,9073,9214,9060,9153,9052,9038,9042,9146,9067,9120,9092,9057,9078,9070,9123,9079,9127,9127,9122,9087,9099,9090,9157,9029,8970,9072,9029,9097,8962,9052,9002,8932,8954,8862,8835,8863,8684,8783,8829,8862,8758,8868,8738,8745,8618,8601,8530,8553,8637,8637,8683,8769,8694,8622,8650,8765,8701,8699,8748,8788,8762,8786,8710,8725,8647,8693,8695,8679,8634,8564,8656,8635,8572,8659,8635,8658,8634,8676,8589,8537,8600,8496,8538,8572,8484,8461,8324,8472,8526,8390,8380,8440,8308,8363,8282,8312,8384,8454,8290,8350,8303,8258,8329,8288,8374,8360,8331,8393,8320,8403,8325,8448,8449,8418,8461,8446,8454,8473,8437,8452,8367,8474,8420,8400,8346,8382,8447,8395,8357,8310,8296,8241,8231,8292,8170,8232,8224,8193,8236,8182,8095,8033,8066,8193,8183,8128,8147,8069,8096,8126,8121,8079,8104,8102,8093,8050,8069,8118,8167,8140,7967,8062,8096,8078,8097,8033,8149,8157,8120,8071,8098,8144,8099,8063,8100,8069,8071,8029,8060,7955,8021,8033,8012,8087,7899,7949,7822,7860,7816,7905,7821,7685,7843,7771,7853,7766,7749,7818,7732,7763,7710,7666,7663,7652,7639,7646,7668,7638
12942,12955,12751,12828,12851,12965,12788,12932,12795,12870,12938,12869,12730,12826,12883,12878,12834,12881,12928,12909,12886,12760,12754,12834,12812,12793,12769,12825,12759,12692,12766,12693,12727,12803,12695,12647,12721,12751,12739,12707,12704,12668,12698,12645,12564,12682,12748,12730,12692,12677,12644,12748,12767,12592,12649,12643,12610,12553,12664,12571,12628,12754,12584,12710,12640,12723,12669,12632,12620,12525,12531,12499,12567,12364,12427,12534,12445,12534,12547,12469,12431,12378,12482,12312,12401,12473,12475,12363,12431,12462,12344,12428,12409,12361,12279,12361,12336,12303,12243,12339,12307,12354,12245,12212,12352,12326,12234,12188,12304,12363,12283,12337,12195,12270,12212,12216,12288,12277,12102,12127,12169,12094,12062,12158,12091,12110,12032,12030,12072,11955,12060,12071,12033,11958,12066,11995,11972,11929,11975,11898,11956,11933,11946,11931,11884,11847,11960,11879,11835,11909,11759,11882,11884,11860,11851,11790,11794,11899,11675,11727,11772,11808,11822,11768,11884,11850,11657,11714,11755,11800,11722,11730,11725,11668,11647,11747,11626,11693,11697,11630,11696,11620,11674,11625,11713,11592,11486,11529,11553,11613,11649,11614,11493,11515,11556,11555,11544,11520,11499,11412,11455,11538,11453,11512,11445,11443,11380,11447,11414,11412,11329,11433,11313,11387,11312,11344,11301,11400,11451,11405,11299,11311,11336,11275,11308,11315,11352,11267,11264,11168,11262,11299,11308,11245,11278,11241,11304,11102,11161,11205,11273,11215,11106,11185,11144,11171,11180,11050,11113,11081,11167,11097,11041,11037,11032,10957,10980,11038,11068,11004,10905,10988,10911,10865,10891,10835,10948,10894,10922,10876,10832,10876,10833,10752,10885,10887,10764,10804,10786,10798,10763,10813,10776,10757,10702,10763,10743,10656,10634,10757,10689,10689,10577,10719,10618,10610,10697,10736,10726,10706,10644,10638,10687,10643,10662,10611,10542,10443,10605,10549,10606,10494,10547,10591,10540,10489,10386,10539,10508,10477,10512,10445,10360,10447,10348,10450,10338,10367,10431,10415,10268,10312,10297,10265,10406,10171,10156,10220,10284,10196,10195,10223,10226,10141,10152,10121,10178,10186,10166,10147,10073,10165,10102,10003,10121,10040,10047,10118,10057,9986,10045,10065,10059,10077,9997,10078,10007,9942,10002,9928,9950,9900,10011,9896,10014,9969,9870,9964,9910,9903,9880,9879,9838,9913,9990,9833,9858,9885,9859,9990,9859,9811,9831,9765,9768,9891,9838,9784,9643,9749,9840,9736,9773,9788,9710,9725,9776,9804,9793,9685,9726,9788,9753,9701,9828,9776,9728,9782,9752,9683,9815,9753,9791,9756,9823,9836,9698,9711,9725,9643,9697,9763,9790,9727,9831,9775,9766,9770,9764,9772,9812,9742,9895,9804,9790,9689,9743,9718,9811,9743,9744,9777,9756,9755,9704,9754,9655,9719,9776,9628,9682,9637,9766,9653,9756,9633,9592,9633,9609,9674,9663,9664,9670,9637,9550,9627,9697,9655,9641,9654,9700,9643,9651,9685,9729,9642,9744,9600,9744,9623,9615,9705,9661,9671,9625,9665,9671,9623,9591,9664,9716,9606,9619,9456,9571,9655,9517,9614,9411,9460,9518,9369,9373,9448,9384,9202,9307,9283,9305,9211,9227,9150,9206,9061,9176,9209,9191,9168,9100,9105,9008,9011,9083,9109,9054,9014,9031,9009,9006,8882,8961,8888,8975,9014,8908,8811,8832,8777,8835,8819,8846,8773,8794,8723,8784,8686,8712,8670,8648,8654,8694,8671,8612,8549,8672,8462,8492,8535,8567,8469,8458,8505,8466,8497,8502,8416,8390,8344,8418,8381,8316,8344,8332,8224,8342,8342,8291,8361,8354,8199,8302,8206,8344,8295,8294,8271,8284,8356,8316,8212,8208,8399,8280,8235,8264,8208,8300,8136,8306,8259,8185,8200,8223,8269,8283,8228,8261,8199,8151,8235,8099,8223,8194,8119,8075,8140,8095,8177,8125,8161,8199,8066,8107,8064,8063,8078,8089,8038,8084,8005,8069,8058,8115,8067,7957,8035,7978,7948,8015,7976,8035,7989,7968,7985,8001,8007,7990,7951,7922,7962,7914,7907,7889,7881,7881,7878,7829,7916,7888,7858,7892,7762,7790,7830,7810,7789,7815,7803,7711,7818,7709,7854,7811,7718,7707,7817,7654,7674,7675,7774,7714,7761,7734,7699,7830,7702,7687,7627,7761,7679,7650,7722,7699,7711,7670,7627,7587,7657,7668,7742,7621,7619,7698,7674,7603,7617,7642,7621,7738,7675,7534,7611,7726,7630,7591,7657,7588,7619,7657,7571,7570,7575,7647,7552,7566,7548,7567,7551,7542,7538,7630,7526,7635,7523,7564,7559,7539,7494,7559,7506,7476,7537,7490,7520,7512,7458,7520,7489,7501,7432,7417,7479,7518,7466,7512,7430,7476,7414,7466,7360,7493,7414,7343,7339,7434,7351,7402,7454,7402,7373,7315,7397,7307,7336,7338,7307,7293,7296,7370,7337,7233,7291,7261,7302,7345,7208,7323,7241,7281,7275,7321,7218,7284,7214,7266,7216,7151,7259,7196,7155,7116,7222,7203,7249,7123,7181,7209,7203,7196,7156,7225,7218,7130,7182,7192,7187,7134,7180,7182,7159,7193,7149,7180,7058,7131,7115,7097,7083,7110,7084,7109,7024,7095,7040,7137,7079,7042,7052,6963,7010,6971,6927,7017,6983,6963,6998,6984,6983,6969,6937,7015,6980,6959,6951,6920,6977,6938,6900,6867,6924,6838,6841,6890,6899,6893,6876,6875,6816,6739,6762,6826,6805,6817,6814,6811,6812,6759,6755,6791,6747,6788,6837,6693,6728,6707,6751,6810,6738,6675,6702,6777,6703,6699,6703,6672,6693,6645,6698,6659,6613,6683,6639,6578,6666,6625,6557,6678,6547,6583,6648,6598,6599,6553,6555,6613,6644,6607,6587,6590,6496,6586,6590,6625,6528,6553,6531,6524,6543,6559,6567,6502,6496,6410,6452,6517,6503,6445,6451,6497,6556,6502,6509,6380,6517,6485,6395,6553,6476,6419,6427,6431,6399,6396,6412,6406,6347,6359,6414,6425,6415,6332,6370,6386,6431,6412,6357,6268,6340,6332,6344,6288,6371,6332,6380,6242,6291,6315,6282,6247,6248,6291,6267,6211,6293,6281,6163,6185,6217,6261,6227,6143,6150,6226,6193,6179,6183,6162,6120,6174,6160,6151,6135,6153,6094,6153,6065,6161,6113,6131,6078,6129,6127,6073,5963,6068,5968,6076,6043,5976,6063,5960,6010,5954,6032,5997,5981,5979,5944,5932,5997,5929,5932,5952,5913,5904,5857,5918,5928,5886,5906,5878,5902,5926,5881,5871,5947,5807,5769,5848,5850,5819,5785,5781,5807,5848,5740,5753,5754,5760,5742,5752,5799,5697,5761,5757,5739,5743,5719,5665,5718,5674,5677,5700,5642,5657,5678,5633,5614,5664,5625,5572,5577,5485,5567,5597,5537,5501,5546,5640,5602,5510,5516,5497,5549,5517,5497,5569,5524,5500,5486,5449,5486,5436,5407,5430,5442,5440,5425,5364,5403,5418,5429,5349,5371,5336,5420,5357,5389,5362,5395,5335,5374,5301,5329,5313,5342,5266,5291,5328,5271,5278,5202,5294,5223,5214,5244,5255,5220,5286,5258,5216,5231,5132,5219,5178,5199,5181,5155,5205,5163,5128,5199,5202,5148,5145,5127,5166,5145,5100,5116,5092,5104,5096,5034,5038,5096,5076,5046,5101,5039,5106,5041,5102,5040,5044,5067,5033,5119,5059,5008,5017,5007,5044,4948,5005,4906,5003,4931,4885,4975,5023,4915,4916,4926,4873,4957,4909,4964,4875,4899,4822,4909,4914,4930,4843,4841,4768,4866,4803,4917,4799,4849,4794,4824,4850,4842,4842,4771,4765,4775,4807,4776,4718,4752,4805,4758,4768,4705,4692,4688,4778,4753,4704,4766,4707,4746,4705,4714,4706,4686,4724,4682,4649,4698,4713,4683,4662,4655,4669,4633,4710,4637,4574,4597,4592,4616,4629,4609,4614,4629,4619,4548,4593,4594,4560,4597,4623,4549,4594,4620,4551,4625,4579,4582,4595,4566,4569,4552,4543,4525,4558,4562,4514,4489,4503,4520,4548,4507,4481,4518,4494,4508,4469,4534,4497,4491,4499,4475,4531,4482,4486,4474,4480,4467,4504,4491,4476,4478,4467,4429,4451,4423,4439,4463,4454,4405,4423,4409,4407,4408,4417,4441,4391,4389,4377,4437,4381,4348,4405,4424,4390,4433,4372,4402,4402,4295,4338,4351,4327,4339,4319,4305,4380,4322,4309,4294,4311,4304,4249,4243,4258,4295,4254,4237,4286,4258,4286,4278,4275,4259,4273,4275,4241,4266,4234,4198,4253,4199,4271,4229,4239,4250,4178,4226,4170,4230,4203,4218,4199,4224,4194,4171,4151,4172,4186,4188,4185,4204,4169,4154,4151,4155,4179,4155,4197,4121,4186,4178,4128,4168,4130,4180,4113,4091,4169,4111,4123,4091,4113,4084,4067,4089,4141,4093,4102,4074,4125,4091,4115,4156,4066,4109,4066,4094,4099,4086,4095,4104,4131,4131,4106,4101,4096,4105,4040,4072,4073,4097,4067,4081,4054,4051,4016,4066,4038,4011,4001,3974,4065,3981,3975,4057,4035,4017,3984,4073,4002,4025,4015,4039,4014,4040,3995,3979,4044,4000,4005,3985,4031,3953,3976,3914,3961,3924,3954,3949,3926,3949,3943,3904,3941,3972,3919,3938,3907,3916,3949,3941,3882,3936,3940,3908,3880,3885,3860,3844,3910,3841,3899,3917,3912,3842,3869,3870,3859,3855,3846,3858,3846,3815,3802,3806,3801,3801,3830,3850,3837,3796,3845,3791,3767,3828,3827,3863,3813,3799,3782,3819,3831,3851,3840,3765,3808,3764,3762,3763,3780,3802,3779,3737,3752,3815,3755,3730,3747,3725,3695,3744,3777,3764,3771,3703,3759,3776,3729,3796,3725,3723,3726,3747,3736,3713,3734,3713,3719,3725,3747,3739,3736,3715,3724,3716,3660,3702,3700,3661,3702,3683,3666,3679,3647,3702,3689,3683,3650,3680,3655,3684,3693,3665,3658,3663,3617,3678,3674,3663,3671,3622,3681,3673,3623,3638,3687,3624,3628,3646,3585,3584,3568,3570,3604,3561,3607,3622,3559,3582,3595,3541,3557,3544,3579,3552,3542,3583,3557,3598,3572,3515,3573,3571,3515,3533,3582,3571,3517,3507,3575,3527,3527,3550,3552,3544,3503,3517,3522,3529,3490,3491,3518,3501,3506,3488,3422,3457,3438,3493,3474,3503,3462,3429,3386,3431,3450,3451,3448,3433,3454,3429,3488,3439,3451,3466,3432,3400,3474,3435,3409,3456,3424,3435,3422,3452,3412,3409,3380,3395,3377,3393,3382,3412,3388,3372,3390,3385,3352,3324,3329,3356,3309,3372,3348,3348,3375,3325,3359,3343,3381,3355,3332,3348,3354,3339,3356,3351,3347,3367,3339,3342,3338,3417,3362,3351,3348,3347,3299,3344,3342,3341,3342,3344,3320,3327,3311,3289,3324,3302,3286,3312,3306,3281,3262,3303,3261,3298,3294,3295,3315,3258,3268,3260,3272,3258,3297,3276,3311,3241,3290,3307,3285,3291,3251,3308,3243,3230,3307,3313,3211,3268,3269,3232,3222,3248,3222,3176,3216,3228,3211,3232,3221,3216,3209,3203,3186,3207,3182,3176,3176,3181,3171,3150,3154,3168,3191,3193,3188,3159,3146,3180,3203,3180,3187,3176,3123,3198,3149,3199,3143,3151,3145,3173,3148,3138,3121,3113,3114,3091,3079,3058,3074,3082,3089,3076,3077,3045,3066,3101,3067,3074,3078,3050,3041,3100,3054,3041,3071,3119,3100,3048,3060,3067,3062,3049,3095,3097,3055,3064,3047,3069,3086,3087,3046,3050,3056,3034,3030,3050,3054,3035,3038,3034,3042,3052,3046,3039,3016,3010,3019,3011,3033,3041,2981,3019,2997,2986,2991,3010,3004,2995,2958,2948,2947,3018,2940,2968,2951,2968,2966,2968,2979,2975,3000,2964,2986,3011,2956,2984,2955,2980,3002,2985,2996,2980,2976,2984,2993,3013,3012,2966,3025,3011,2999,2984,2985,2973,2926,2942,2966,2979,2934,2941,2954,2937,2887,2878,2912,2952,2948,2906,2931,2934,2972,2908,2921,2924,2896,2905,2925,2930,2887,2899,2908,2915,2896,2895,2892,2905,2922,2899,2899,2924,2958,2904,2866,2919,2901,2900,2916,2931,2912,2864,2894,2907,2871,2880,2897,2901,2892,2874,2883,2865,2892,2847,2886,2829,2850,2848,2822,2834,2790,2855,2828,2817,2812,2833,2816,2821,2831,2817,2837,2849
19602,19361,19244,19158,19222,19162,19415,19205,19277,19407,19240,19252,19208,18969,18823,18719,18618,18779,18525,18538,18552,18570,18565,18585,18558,18457,18459,18596,18539,18436,18295,18319,18299,18256,18185,18100,18147,17859,17787,17781,18043,17927,17876,18063,17762,17696,17720,17737,17747,17734,17821,17921,17954,17934,17865,17799,17581,17826,17546,17631,17522,17709,17656,17720,17720,17555,17411,17391,17598,17604,17538,17408,17408,17400,17280,17244,17233,17198,17203,17230,17104,17278,17059,17157,17212,17129,17226,17163,17181,17068,17117,17004,17088,17049,17139,17106,16988,17080,17068,17009,17064,16954,16906,17094,16935,16987,17121,17120,17101,17173,17232,17145,17276,17120,17156,17278,17165,17107,17118,17062,17224,17187,17134,17090,17234,17049,17107,17138,17111,17081,17136,17096,17000,17075,16954,17036,16998,17022,16908,16922,17033,17026,17114,17106,17042,17060,16991,17215,17004,17034,17128,17149,17043,16994,17219,17163,17037,17210,17095,17123,17114,17095,17282,17245,17172,17153,17227,17277,17242,17173,17209,17367,17362,17259,17398,17229,17312,17294,17418,17428,17256,17283,17318,17360,17334,17271,17271,17314,17308,17343,17326,17242,17275,17373,17396,17405,17270,17253,17427,17331,17468,17330,17339,17287,17357,17242,17442,17182,17248,17328,17390,17291,17308,17374,17372,17372,17432,17384,17403,17403,17389,17451,17521,17404,17439,17393,17424,17426,17546,17504,17504,17527,17414,17613,17457,17626,17391,17526,17560,17362,17633,17569,17525,17475,17337,17535,17431,17391,17416,17423,17534,17355,17448,17314,17430,17435,17458,17370,17430,17364,17323,17266,17531,17370,17285,17422,17442,17447,17319,17378,17370,17454,17361,17319,17369,17279,17329,17335,17377,17298,17251,17436,17421,17291,17211,17316,17233,17352,17208,17304,17351,17266,17267,17296,17339,17416,17305,17202,17330,17304,17319,17393,17305,17222,17371,17151,17220,17289,17386,17287,17264,17325,17234,17292,17212,17320,17258,17271,17327,17373,17297,17264,17077,17224,17158,17125,17234,17108,17272,17100,17275,17197,17093,17124,17208,17213,17149,17014,17028,17056,17078,17051,17037,17081,16993,16992,17096,17113,17103,17128,17042,16998,17033,17051,17051,17048,16982,16969,17113,16993,17106,17067,17074,17153,17071,17071,17126,17085,17080,17048,17169,17133,17031,17109,17055,17022,17083,17092,17042,16992,17170,17076,17079,16985,17045,16955,17116,17024,17027,17025,17100,17103,17030,17045,17049,17124,17066,16993,17055,17219,16938,16973,17015,17025,17010,16953,17059,16994,16915,16968,16848,16961,16728,16946,16841,16915,16847,16955,16923,16945,16931,16807,17105,16987,16961,16884,16973,16829,16999,16899,16960,16896,16812,16908,17006,16700,16832,16898,16909,16846,16805,16982,16818,16972,16901,16871,16938,16916,16901,16922,17084,16904,16948,16797,16772,16740,16875,16925,16839,16858,16964,16940,16759,16796,16889,16883,16990,16820,16756,16925,16908,17003,16793,16796,16807,16724,16862,16757,16736,16731,16695,16719,16837,16831,16884,16810,16819,16647,16737,16633,16653,16596,16791,16678,16648,16579,16670,16718,16613,16601,16732,16718,16555,16623,16585,16528,16584,16508,16578,16622,16639,16689,16517,16786,16540,16635,16555,16471,16452,16414,16487,16546,16471,16406,16488,16491,16547,16600,16363,16466,16649,16520,16639,16540,16435,16389,16453,16579,16509,16639,16540,16509,16558,16536,16423,16574,16502,16481,16604,16512,16502,16613,16552,16527,16398,16532,16452,16626,16500,16519,16432,16601,16523,16393,16430,16510,16444,16364,16414,16331,16385,16347,16257,16402,16364,16280,16431,16323,16371,16402,16316,16381,16448,16404,16552,16469,16455,16358,16469,16421,16367,16331,16342,16386,16344,16219,16346,16218,16178,16263,16331,16259,16164,16088,16153,16063,16156,16179,16079,16194,16075,16039,16136,16124,16334,16368,16065,16275,16225,16286,16101,16309,16374,16182,16102,16215,16198,16211,16217,16165,16113,16263,16177,16113,16092,16152,16232,16116,16110,16192,16242,16123,16049,16054,16144,16074,16041,16060,16162,16056,15922,16020,16000,16127,16080,16054,16064,16127,16220,16053,16021,16017,16095,16002,16140,16072,15978,15996,15964,16058,15919,16059,15891,15841,15833,15789,15865,15784,15751,15825,15711,15808,15719,15856,15757,15794,15627,15649,15727,15756,15619,15588,15615,15623,15527,15725,15593,15510,15530,15517,15583,15688,15441,15553,15501,15653,15554,15521,15558,15521,15562,15534,15491,15365,15563,15473,15483,15529,15485,15646,15522,15594,15615,15576,15572,15895,15700,15639,15618,15594,15627,15666,15488,15478,15475,15346,15346,15479,15275,15293,15384,15258,15385,15364,15343,15425,15400,15351,15485,15478,15426,15472,15553,15426,15449,15441,15379,15385,15404,15434,15341,15266,15273,15353,15348,15279,15267,15231,15313,15190,15255,15200,15233,15173,15165,15141,15284,15237,14920,15143,15124,15176,15042,15054,14988,15126,15140,15130,14875,15009,15208,15104,15032,14941,15038,15141,14948,15016,14999,14984,14965,14957,14955,14983,14848,14939,14998,14902,14922,14992,15084,14871,14912,14895,14868,14939,14942,14812,14864,14988,14919,14984,14821,14756,14853,14822,14852,14820,14787,14869,14675,14722,14721,14840,14755,14712,14779,14690,14660,14821,14730,14811,14736,14776,14758,14765,14778,14757,14752,14690,14639,14630,14633,14599,14608,14537,14619,14536,14420,14553,14671,14622,14538,14454,14451,14545,14545,14465,14399,14459,14418,14386,14436,14614,14518,14491,14430,14477,14297,14379,14410,14406,14394,14240,14278,14414,14447,14433,14356,14382,14391,14331,14384,14517,14326,14294,14352,14331,14318,14161,14235,14261,14353,14352,14177,14244,14188,14291,14244,14255,14268,14243,14330,14307,14287,14222,14392,14220,14408,14290,14237,14350,14320,14345,14378,14357,14357,14342,14422,14208,14356,14416,14199,14349,14354,14359,14412,14375,14309,14293,14221,14338,14266,14392,14309,14383,14352,14502,14361,14445,14373,14399,14430,14395,14355,14427,14337,14407,14403,14509,14517,14450,14451,14416,14371,14448,14397,14380,14353,14429,14465,14355,14464,14434,14521,14482,14469,14351,14260,14229,14375,14360,14358,14365,14303,14362,14275,14155,14250,14310,14301,14191,14228,14285,14127,14191,14201,14152,14229,14155,14071,14162,14149,14059,14060,14082,14049,14056,13995,14123,14072,14132,14091,14044,14147,14164,14087,14231,14039,14155,14115,14007,13993,14028,14061,14007,14007,14083,13920,14073,14055,13917,13904,14018,13829,13879,13847,13895,13986,13892,13966,13875,13850,13836,13793,13741,13749,13755,13873,13840,13835,13837,13952,13788,13840,13842,13863,13784,13778,13781,13634,13882,13724,13737,13778,13705,13742,13649,13633,13650,13707,13650,13577,13530,13439,13466,13428,13470,13459,13448,13463,13345,13464,13302,13382,13395,13371,13359,13238,13241,13163,13141,13159,13193,13180,13159,13229,13246,13265,13077,13238,13311,13019,13203,13176,12971,13163,13172,13159,13044,13026,13128,13050,13019,12945,13088,13045,13071,13060,13086,13088,12972,13025,13015,12877,12949,13046,12997,13063,12909,12987,13041,13028,13131,13050,12969,12955,12987,12978,12969,12871,13005,13022,12939,12860,12973,12912,12910,12913,13012,12882,12967,12941,12928,12929,12890,13018,13100,12953,12957,13078,13015,12920,13059,13157,13038,13209,13081,13116,13087,13126,13094,13024,13075,12986,13074,13046,13175,13155,13154,13057,13087,13008,13012,13063,13003,12942,13080,13060,12882,12873,12820,12933,12825,12955,12777,12858,12731,12713,12707,12644,12659,12565,12607,12591,12512,12451,12496,12473,12425,12387,12358,12539,12549,12348,12459,12405,12406,12451,12325,12403,12290,12431,12454,12266,12259,12303,12330,12317,12283,12246,12238,12333,12324,12293,12252,12299,12226,12238,12248,12147,12214,12103,12257,12234,12142,12222,12215,12195,12244,12279,12314,12200,12275,12174,12138,12131,12115,12117,12058,12231,12092,12091,12066,11979,12046,12179,12002,11966,12136,12183,12113,11966,12011,12066,12122,12230,12109,12091,12075,12122,12056,12058,12133,11948,12086,12052,12048,12033,12135,11979,11976,11831,12052,11947,11974,11906,11959,11912,11966,11972,11961,11915,11974,11998,12028,11951,11867,12001,12049,11855,11949,11960,11947,11988,11991,11892,11925,11844,12003,11885,11812,11755,11826,11928,11842,11783,11787,11882,11792,11706,11819,11796,11819,11850,11749,11800,11880,11823,11835,11819,11884,11849,11762,11933,11778,11894,11791,11775,11800,11683,11807,11644,11702,11715,11728,11650,11618,11733,11703,11657,11702,11477,11462,11561,11609,11616,11607,11715,11732,11648,11694,11543,11608,11547,11745,11632,11568,11583,11668,11571,11713,11601,11623,11483,11624,11581,11665,11645,11591,11677,11702,11626,11606,11609,11564,11578,11683,11696,11653,11543,11661,11649,11531,11647,11633,11581,11579,11577,11424,11402,11441,11377,11352,11376,11335,11271,11207,11381,11233,11267,11293,11184,11193,11214,11253,11254,11329,11234,11201,11203,11118,11194,11274,11175,11127,11127,11151,11151,11107,10979,11049,11009,11035,10917,10888,10800,10915,10915,10792,10751,10848,10798,10769,10784,10767,10637,10789,10836,10712,10786,10704,10820,10788,10804,10756,10761,10695,10775,10728,10702,10624,10654,10625,10576,10607,10624,10572,10581,10465,10527,10553,10531,10469,10583,10453,10466,10412,10321,10356,10443,10419,10451,10395,10355,10291,10508,10305,10424,10479,10395,10371,10331,10221,10229,10243,10258,10339,10281,10184,10174,10194,10185,10240,10200,10053,10122,10138,10069,10117,10161,10176,9952,10043,10106,10060,10142,10087,10045,10016,10031,10038,10190,10140,10023,10115,10062,10112,9975,10054,10083,9945,9937,9977,10069,10024,9865,9941,9947,9954,9901,9899,9879,9897,9819,9815,9925,9989,9899,9907,9964,9921,9799,9873,9847,9837,9880,9952,9942,9958,9968,9924,9992,9907,9828,9911,9895,9965,9866,9838,9792,9762,9750,9822,9848,9839,9783,9742,9790,9718,9750,9823,9721,9696,9803,9832,9733,9737,9672,9708,9723,9598,9775,9724,9785,9752,9719,9718,9824,9777,9675,9785,9680,9628,9743,9682,9530,9630,9605,9508,9660,9527,9522,9469,9496,9630,9560,9485,9518,9415,9352,9552,9436,9452,9448,9522,9412,9501,9379,9415,9408,9494,9454,9498,9536,9475,9466,9432,9387,9435,9372,9401,9298,9332,9393,9273,9368,9382,9384,9317,9288,9271,9252,9173,9205,9152,9272,9255,9118,9156,9138,9045,9116,9171,9194,9109,9134,9163,9154,9084,9212,9146,9221,9151,9163,9168,9173,9115,9185,9144,9099,9043,9134,9032,9090,9118,9054,9036,8840,8963,8962,8885,8777,8969,8865,8904,8857,8983,8834,8853,8980,8844,8857,8828,8901,8900,8914,8852,8922,8896,8867,8907,8888,8849,8936,8986,8942,8906,8916,8904,8911,8950,8826,8846,8896,8854,8835,8930,8954,8859,8806,8788,8690,8795,8809,8783,8675,8742,8699,8647,8694,8670,8726,8703,8654,8757,8687,8639,8792,8688,8681,8689,8721,8693,8678,8743,8779,8759,8700,8743,8840,8735,8718,8784,8710,8757,8700,8706,8639,8605,8628,8639,8580,8585,8599,8552,8506,8453,8512,8347,8526,8448,8410,8382,8382,8428,8359,8380,8351,8256,8280,8394,8356,8420,8371,8337,8397,8314,8405,8397,8374,8373,8243,8292,8297,8310,8305,8280,8235,8306,8220,8346,8329,8210,8253,8148,7983,8111,8166,8024,7996,8060,8124,7947,8075,7971,7993,7945,8028,8003,7933,7956,7976,8088,8067,8059,8069,8047,8053,7980,8029,8012,8080,8085,8063,8055,8030,8078,7964,7902,7966,7943,7974,7924,7960,7892,8000,7990,7906,7971,7935,7904,7836,7845,7909,7774,7800,7807,7847,7827,7803,7798,7760,7768,7788,7692,7687,7744,7819,7663,7665,7718,7737,7718,7605,7699,7691,7710,7702,7723,7726,7770,7721,7767,7788,7762,7826,7740,7811,7777,7859,7777,7808,7744,7856,7780,7674,7786,7743,7710,7716,7710,7659,7584,7697,7670,7650,7519,7614,7517,7596,7530,7544,7521,7562,7552,7578,7506,7512,7463,7454,7491,7482,7455,7444,7467,7559,7429,7474,7480,7526,7530,7473,7456,7448,7453,7435,7468,7554,7444,7515,7515,7528,7449,7560,7586,7453,7424,7453,7395,7488,7474,7494,7398,7413,7347,7292,7335,7388,7397,7371,7295,7264,7272,7338,7260,7210,7254,7248,7198,7194,7265,7161,7077,7117,7124,7034,7127,7140,7139
12391,12370,12339,12441,12409,12314,12415,12366,12334,12363,12304,12357,12332,12345,12301,12297,12339,12393,12228,12333,12316,12294,12415,12296,12354,12439,12193,12245,12323,12301,12231,12183,12223,12222,12139,12217,12145,12082,12199,12160,12155,12125,12241,12253,12130,12153,12159,12081,12231,12106,12075,12148,12217,12235,12054,12211,12080,12122,12155,12135,12120,12104,12015,12320,12072,12036,12146,12282,12005,12144,11991,12051,11922,11981,12072,12067,11958,12015,12004,11953,12100,11953,11885,11842,11899,11909,11844,11818,11897,11921,11794,11819,11804,11771,11983,11700,11705,11800,11838,11699,11623,11801,11798,11768,11787,11756,11884,11675,11867,11765,11841,11721,11755,11768,11613,11700,11623,11667,11737,11648,11718,11684,11563,11721,11609,11581,11548,11485,11576,11480,11532,11520,11629,11530,11610,11636,11499,11505,11526,11516,11394,11372,11397,11379,11454,11415,11347,11462,11379,11279,11384,11296,11347,11372,11419,11400,11405,11345,11289,11269,11317,11369,11248,11283,11303,11282,11316,11323,11322,11314,11200,11263,11353,11262,11276,11296,11261,11121,11277,11223,11131,11175,11107,11201,11149,11159,11085,11116,11188,11161,11138,11167,11097,11058,11125,10985,11088,11031,11013,10935,11054,10959,11025,11020,11000,10926,11019,10895,10944,10933,10876,10990,10928,10948,10966,10886,10941,10973,10842,10898,10956,11023,10932,10867,10813,10834,10874,10734,10867,10881,10887,10814,10794,10787,10764,10732,10786,10897,10712,10679,10777,10801,10674,10721,10635,10600,10752,10678,10541,10702,10529,10771,10754,10555,10590,10691,10584,10563,10600,10552,10605,10574,10495,10528,10515,10507,10435,10498,10394,10520,10511,10448,10370,10350,10446,10393,10400,10358,10440,10342,10329,10273,10346,10337,10318,10390,10374,10290,10350,10360,10257,10282,10249,10264,10374,10278,10240,10301,10227,10317,10217,10166,10142,10163,10286,10171,10261,10045,10192,10175,10195,10222,10043,10148,10171,10070,9983,10163,10114,10060,10084,10000,10014,9991,9986,9990,9928,9993,9949,9952,9959,9796,9928,9792,9893,9892,9814,9752,9860,9823,9915,9837,9874,9807,9768,9764,9815,9849,9757,9804,9744,9697,9760,9690,9674,9748,9707,9733,9680,9660,9765,9602,9688,9618,9689,9601,9611,9568,9618,9693,9685,9634,9586,9647,9666,9504,9585,9606,9582,9485,9552,9600,9580,9585,9636,9487,9511,9472,9486,9454,9478,9509,9500,9430,9405,9509,9342,9489,9466,9427,9380,9433,9475,9362,9300,9413,9345,9351,9408,9317,9387,9413,9370,9325,9407,9369,9324,9462,9299,9449,9381,9427,9335,9374,9411,9413,9370,9417,9427,9308,9403,9341,9438,9353,9399,9425,9339,9446,9407,9516,9411,9474,9422,9425,9345,9406,9410,9401,9425,9343,9435,9467,9410,9271,9324,9300,9304,9494,9366,9387,9292,9282,9206,9406,9277,9297,9252,9334,9332,9340,9364,9318,9247,9362,9262,9241,9218,9229,9299,9208,9392,9241,9327,9281,9295,9312,9416,9395,9261,9343,9358,9360,9232,9338,9361,9276,9294,9253,9301,9295,9336,9330,9352,9284,9267,9167,9155,9220,9200,9153,9062,9028,9129,9085,8927,9009,8966,8880,8926,8880,8968,8972,8902,8886,8886,8824,8912,8844,8725,8758,8680,8857,8811,8694,8745,8757,8793,8678,8760,8722,8679,8670,8634,8570,8556,8595,8510,8581,8476,8551,8570,8441,8462,8397,8435,8396,8379,8439,8276,8369,8453,8358,8294,8303,8283,8335,8203,8337,8238,8243,8210,8179,8183,8149,8098,8096,8147,8139,8046,8041,8033,8145,7998,8229,8130,8153,8104,8115,8155,8053,8004,8018,8031,8023,8020,8028,8048,7921,7996,8013,8017,7958,8002,7947,7972,7909,7963,7993,7965,8051,7986,7954,7980,7968,8019,7931,7893,8037,7980,7948,7925,7880,7969,7975,7863,7879,7900,7919,7772,7862,7859,7797,7845,7901,7870,7796,7872,7802,7779,7885,7778,7779,7776,7792,7734,7629,7712,7778,7740,7709,7746,7721,7805,7696,7651,7667,7675,7717,7646,7640,7635,7687,7639,7688,7626,7663,7572,7576,7647,7664,7601,7561,7580,7537,7633,7550,7568,7561,7541,7555,7501,7462,7561,7444,7517,7486,7396,7453,7375,7405,7547,7434,7415,7425,7539,7447,7464,7460,7472,7415,7457,7353,7460,7422,7385,7441,7535,7347,7494,7477,7338,7510,7408,7499,7444,7406,7422,7427,7409,7313,7402,7533,7396,7368,7437,7333,7400,7356,7374,7366,7312,7323,7239,7350,7332,7400,7393,7355,7410,7336,7315,7330,7300,7378,7326,7358,7267,7222,7239,7347,7370,7277,7324,7258,7338,7327,7255,7245,7264,7272,7186,7262,7280,7271,7250,7254,7121,7192,7180,7156,7224,7183,7064,7168,7191,7190,7114,7179,7183,7171,7169,7095,7059,7095,7202,7090,6999,7209,7078,7147,7119,6999,7047,7120,7035,7000,7045,7045,6971,7017,7100,7015,7117,6973,7034,6997,7031,7032,7034,7039,6955,7007,6996,6991,6991,6974,6998,6911,6983,6959,7002,6930,6975,6884,6946,6866,6963,6917,6967,6910,6874,6840,6987,6892,6870,6980,6824,6798,6793,6803,6890,6905,6817,6818,6823,6849,6827,6855,6795,6787,6859,6825,6730,6753,6844,6771,6760,6758,6777,6758,6690,6703,6726,6733,6810,6667,6687,6694,6697,6694,6639,6694,6672,6645,6559,6641,6619,6681,6659,6659,6622,6546,6696,6601,6591,6603,6606,6604,6588,6644,6557,6468,6526,6636,6573,6530,6537,6498,6444,6497,6551,6435,6499,6465,6500,6388,6436,6573,6436,6410,6398,6394,6454,6423,6402,6473,6447,6439,6398,6353,6476,6433,6366,6426,6400,6378,6389,6386,6341,6357,6386,6286,6320,6406,6395,6366,6363,6326,6303,6342,6315,6270,6187,6361,6287,6342,6257,6355,6275,6267,6273,6289,6318,6212,6276,6211,6306,6227,6214,6325,6228,6331,6261,6198,6301,6227,6197,6161,6184,6133,6181,6211,6185,6212,6171,6193,6131,6222,6203,6140,6169,6157,6122,6154,6149,6144,6047,6064,6109,6099,6092,6098,6155,6103,6065,6107,6084,6065,6026,6015,6017,6031,6091,6055,6004,5994,5936,5957,5970,5960,5966,5924,6033,5955,5955,5983,5966,5993,6013,5960,5850,5964,5895,5919,5915,5913,5795,5870,5852,5773,5817,5856,5799,5813,5757,5802,5729,5757,5792,5789,5794,5828,5831,5776,5766,5771,5756,5743,5767,5679,5748,5753,5728,5703,5691,5733,5629,5707,5614,5591,5655,5680,5609,5571,5615,5601,5649,5591,5619,5654,5603,5607,5599,5575,5587,5593,5595,5541,5514,5568,5519,5600,5554,5513,5444,5543,5466,5463,5442,5427,5420,5426,5466,5426,5416,5414,5422,5271,5384,5388,5379,5378,5452,5362,5355,5356,5373,5391,5342,5339,5304,5302,5337,5261,5292,5313,5266,5210,5267,5241,5267,5297,5255,5262,5190,5271,5230,5185,5234,5243,5171,5183,5205,5268,5176,5139,5164,5133,5150,5154,5175,5140,5120,5104,5117,5166,5081,5079,5041,5072,5068,5033,5079,5073,5099,5030,5008,5051,5140,5055,5054,5011,5006,4981,5031,5009,4969,4968,5022,5000,5003,4961,4946,4990,4919,4930,4996,4944,4958,4968,4967,4933,4895,4932,4942,4915,4908,4941,4980,4902,4930,4913,4865,4815,4844,4832,4859,4836,4822,4859,4814,4822,4861,4815,4818,4730,4767,4818,4809,4796,4795,4739,4777,4789,4816,4768,4814,4754,4713,4758,4698,4752,4795,4677,4711,4643,4767,4646,4691,4668,4672,4670,4673,4617,4659,4611,4643,4643,4632,4621,4630,4586,4608,4685,4617,4618,4608,4676,4540,4571,4651,4560,4646,4569,4623,4590,4610,4559,4527,4518,4551,4587,4501,4533,4549,4478,4491,4525,4518,4541,4485,4514,4564,4443,4563,4511,4495,4535,4530,4522,4434,4535,4516,4443,4550,4460,4445,4441,4397,4408,4490,4429,4448,4472,4439,4445,4399,4408,4412,4385,4338,4441,4391,4436,4366,4378,4422,4449,4336,4383,4383,4375,4375,4355,4399,4349,4361,4347,4335,4364,4362,4394,4331,4331,4259,4311,4325,4299,4365,4291,4300,4324,4322,4320,4320,4285,4275,4342,4260,4262,4297,4311,4280,4247,4271,4272,4203,4215,4193,4223,4266,4255,4209,4190,4255,4222,4221,4190,4196,4176,4190,4216,4191,4211,4138,4210,4176,4183,4171,4184,4234,4179,4188,4178,4146,4126,4154,4100,4118,4148,4118,4107,4115,4129,4084,4131,4108,4138,4092,4092,4079,4115,4106,4090,4099,4068,4026,4147,4087,4054,4115,4124,4128,4077,4076,4108,4055,4112,4136,4021,4108,4067,4055,4076,4015,4027,4050,3994,4015,4088,4035,3975,4031,3997,4052,3985,4009,4034,4079,4035,4027,4044,4003,4043,3993,4040,4001,4035,4031,4005,4023,4035,4041,3959,4000,4031,3963,4000,3971,3951,3974,3984,3962,3968,3911,3948,3878,3976,3951,3958,3927,3941,3958,4000,3934,3947,3971,3964,3926,3941,3951,3943,3889,3870,3921,3874,3923,3869,3900,3870,3897,3883,3891,3867,3834,3823,3886,3831,3821,3839,3832,3835,3839,3849,3844,3888,3859,3851,3831,3811,3849,3830,3854,3867,3781,3819,3804,3827,3779,3843,3827,3803,3804,3799,3772,3813,3749,3778,3718,3744,3755,3747,3746,3771,3735,3754,3759,3768,3701,3757,3716,3747,3799,3762,3739,3778,3724,3746,3724,3736,3698,3747,3719,3752,3729,3695,3688,3646,3752,3711,3640,3623,3665,3674,3677,3670,3688,3611,3670,3672,3694,3701,3653,3646,3662,3709,3654,3631,3669,3671,3667,3670,3698,3657,3684,3647,3661,3649,3633,3603,3665,3626,3672,3616,3599,3620,3635,3634,3578,3590,3660,3608,3607,3606,3625,3634,3659,3587,3629,3625,3580,3615,3596,3598,3587,3666,3566,3631,3593,3636,3624,3579,3550,3552,3612,3547,3535,3569,3547,3542,3514,3527,3586,3535,3593,3493,3446,3540,3461,3502,3520,3507,3494,3531,3488,3517,3484,3494,3501,3479,3506,3485,3515,3471,3524,3453,3477,3521,3482,3478,3447,3476,3453,3489,3460,3465,3492,3438,3472,3437,3449,3435,3410,3366,3428,3422,3442,3392,3432,3371,3369,3429,3421,3394,3415,3385,3429,3385,3398,3396,3418,3436,3412,3395,3357,3352,3394,3353,3384,3402,3336,3353,3348,3331,3328,3322,3319,3336,3356,3315,3282,3375,3275,3338,3319,3337,3341,3325,3288,3322,3311,3302,3261,3306,3283,3316,3259,3309,3291,3271,3338,3331,3310,3307,3306,3324,3275,3294,3366,3339,3271,3281,3315,3279,3248,3311,3263,3294,3322,3320,3229,3282,3285,3218,3282,3279,3251,3219,3225,3227,3226,3269,3256,3239,3253,3289,3197,3264,3225,3252,3219,3251,3226,3251,3226,3235,3260,3220,3267,3271,3198,3228,3228,3180,3201,3236,3212,3224,3197,3214,3215,3194,3167,3176,3181,3141,3214,3189,3175,3149,3167,3148,3184,3149,3127,3132,3168,3160,3099,3134,3123,3164,3130,3124,3112,3133,3143,3091,3148,3134,3129,3157,3149,3126,3126,3117,3159,3121,3125,3118,3114,3072,3065,3094,3080,3069,3035,3051,3027,3075,3043,3014,3036,3040,3056,3028,3029,3027,3018,2999,3037,3005,3018,3044,3034,3068,3035,3073,3029,2994,3014,3015,3013,3008,3026,3024,3014,2975,2993,3025,2988,3055,2997,3003,3007,3013,3077,3007,2992,2971,3003,3000,2965,2976,2998,3005,2959,2954,2965,2946,2968,2969,2951,2967,2971,2953,2925,2924,2950,2990,2939,2953,2925,2975,2936,2918,2948,2949,2943,2932,2947,2954,2962,2953,2917,2982,2960,2944,2946,2939,2947,2972,2968,2935,2974,2950,2946,2910,2957,2951,2955,2936,2941,2962,2909,2876,2914,2865,2871,2904,2914,2919,2925,2903,2853,2905,2909,2885,2909,2877,2843,2881,2864,2857,2914,2874,2861,2893,2880,2860,2872,2865,2871,2899,2866,2887,2871,2875,2868,2862,2881,2899,2928,2874,2877,2853,2844,2863,2879,2842,2874,2869,2884,2893,2849,2824,2854,2884,2852,2825,2861,2824,2788,2818,2818,2810,2816,2807,2820,2795,2820,2805,2782,2788,2767,2771,2765,2784,2782,2785
31703,31515,31418,31347,31385,31339,31157,31495,31523,31238,31426,31256,31207,31336,30978,31054,30998,30955,31065,30670,30927,30878,30873,30940,31016,30775,30950,30952,30878,30660,30658,30516,30529,30682,30486,30288,30127,30170,30264,30098,30270,30321,30227,30236,30128,30072,30153,29890,30187,30117,30207,30275,30310,30343,30121,30260,30276,30255,30206,30156,30156,30256,29960,30300,30291,30088,30131,30162,30067,30203,30026,30123,29997,29922,29751,29807,29785,29738,29926,29846,29731,29771,29501,29537,29557,29568,29474,29626,29628,29620,29655,29431,29779,29618,29467,29565,29697,29506,29581,29516,29729,29662,29680,29696,29537,29636,29729,29705,29713,29818,29710,29838,29727,29631,29887,29874,29952,29654,29877,29827,29847,29866,29782,29816,29778,29721,29695,29786,29709,29765,29785,29867,29665,29653,29769,29587,29599,29579,29702,29452,29505,29753,29639,29644,29657,29697,29690,29853,29770,29737,29698,29544,29528,29607,29690,29721,29769,29728,29758,29951,29902,29840,30033,29826,29985,29617,29963,30066,30018,30052,29913,30033,30015,30055,29899,29979,30011,29940,29916,30101,30050,30070,30096,29896,30017,29889,29906,30045,29903,29907,29898,29884,29899,29942,30003,29875,29826,30017,29943,29926,29968,29960,30039,29915,30115,29882,30059,29967,29802,29956,29980,29993,30039,29974,30052,29864,30026,30011,30021,30100,29987,29994,30196,30208,30064,29961,30172,30206,30277,30230,30038,30323,29888,30116,29841,30017,30266,30132,30082,30122,30005,30201,30147,30057,29974,29992,29976,29916,29897,30032,29863,29876,29940,29837,29973,29887,29896,30172,29954,29992,29895,29995,29735,29780,29632,29681,29696,29829,29988,29703,29788,29765,29766,29623,29719,29634,29870,29736,29737,29740,29658,29833,29801,29807,29744,29843,29830,29879,29805,29773,29830,29975,29724,29565,29841,29847,29831,29803,29790,29686,29705,29997,29661,29790,29763,29602,29941,29858,29699,29802,29708,29758,29626,29654,29682,29530,29568,29674,29719,29609,29648,29614,29631,29552,29589,29436,29452,29379,29359,29482,29492,29518,29257,29320,29184,29423,29446,29316,29066,29130,29153,29152,29386,29102,29082,29238,29248,29191,29212,29132,28998,29325,29111,28986,29028,29334,29089,29206,29260,29102,29148,29138,29093,29017,29131,29167,29319,29096,28994,29204,29109,29092,29048,28940,29174,28959,29127,29193,29185,29013,28960,29062,28973,29042,29070,29028,28847,28918,29086,28922,29147,29000,28999,28885,28821,28909,28946,28989,28944,28825,28861,28739,28817,28653,28963,28955,28738,28663,28721,28701,28683,28639,28791,28593,28757,28562,28635,28694,28579,28507,28582,28497,28442,28605,28640,28478,28419,28665,28591,28621,28478,28845,28572,28573,28518,28298,28437,28504,28432,28509,28468,28432,28469,28557,28515,28338,28504,28470,28407,28434,28468,28543,28265,28505,28417,28388,28365,28559,28284,28566,28344,28474,28266,28391,28464,28339,28383,28299,28386,28330,28260,28420,28206,28045,28061,28140,28350,28156,28243,28065,28119,28194,28148,28081,28162,28047,28170,28078,27912,27887,27965,27790,28121,27945,27944,27939,27680,28008,27752,27943,27712,27929,27838,27604,27603,27690,28028,27713,27776,27590,27689,27777,27814,27684,27686,27710,27464,27578,27556,27426,27518,27370,27535,27517,27400,27185,27406,27456,27475,27508,27536,27445,27512,27486,27434,27446,27344,27504,27343,27458,27376,27483,27299,27579,27464,27451,27492,27568,27465,27331,27471,27593,27387,27294,27364,27139,27346,27498,27351,27372,27454,27241,27245,27233,27366,27291,27190,27168,27174,27097,27179,27255,27070,27157,27019,27059,26999,27046,26851,27133,27057,27121,26960,27033,27227,27133,27150,26800,27106,27030,27025,26999,26951,26904,26852,27039,26866,26829,26863,26795,26751,26842,26726,26966,26573,26660,26682,26737,26791,26499,26799,26815,26667,26675,26710,26665,26681,26730,26715,26485,26630,26651,26671,26658,26654,26542,26580,26622,26652,26607,26696,26584,26466,26570,26506,26549,26330,26450,26607,26510,26351,26434,26498,26546,26275,26294,26462,26294,26461,26482,26383,26240,26187,26221,26290,26233,26326,26425,26362,26350,26253,26420,26203,26234,26172,26071,26238,26255,26099,25907,26002,25984,25980,25814,26035,26078,26041,25982,25728,25842,25691,25698,25768,25785,25668,25560,25474,25612,25576,25622,25440,25522,25675,25600,25436,25381,25428,25307,25468,25373,25448,25491,25420,25425,25320,25305,25448,25230,25434,25225,25249,25263,25161,25257,25250,25156,25196,25220,25182,25232,25258,25323,25318,25536,25521,25577,25502,25578,25563,25273,25455,25189,25195,25266,25003,25087,25044,25010,24952,25080,25120,24886,25038,25072,25012,24982,24943,25153,25036,25048,25017,25107,24996,24997,24926,24786,24930,24852,24963,24716,24566,24615,24725,24803,24687,24801,24847,24704,24811,24511,24628,24730,24517,24515,24600,24569,24478,24438,24409,24565,24429,24411,24434,24285,24506,24384,24340,24446,24280,24369,24170,24277,24213,24062,24147,24188,24096,24322,24253,24185,24147,24030,24115,24151,24201,24112,24237,24105,23954,24184,24038,23998,23999,23974,24106,23828,23958,23995,23853,23959,24046,23953,23919,23988,24053,23782,23968,23887,23725,23651,23822,23819,23718,23673,23727,23791,23758,23723,23749,23764,23642,23727,23518,23793,23887,23771,23616,23624,23614,23650,23656,23613,23536,23702,23429,23465,23461,23352,23358,23397,23323,23368,23178,23271,23313,23162,23296,23200,23290,23427,23106,23280,23081,23043,23300,23068,23184,23044,23176,23104,22975,23133,22990,22902,23146,23013,23004,22896,22974,23024,22973,22958,23025,22957,22858,22886,22880,22813,22718,22751,22796,22826,22775,22756,22578,22824,22759,22831,22651,22808,22909,22749,22659,22772,22744,22675,22817,22778,22894,22748,22825,22772,22792,22766,22735,22789,22820,22897,22752,22762,22588,22599,22522,22621,22734,22768,22842,22679,22681,22741,22606,22674,22795,22612,22855,22739,22687,22700,22574,22714,22742,22633,22695,22724,22676,22847,22664,22572,22665,22739,22744,22668,22658,22867,22674,22716,22723,22694,22608,22606,22757,22897,22690,22788,22880,22686,22507,22621,22683,22551,22465,22459,22475,22515,22483,22465,22444,22525,22515,22490,22400,22455,22398,22485,22188,22307,22419,22263,22423,22232,22246,22140,22222,22218,22186,22198,22148,22288,21950,22188,22101,21920,22118,22142,22189,22259,22080,22035,22088,22119,22175,22203,22052,22043,21913,21997,21972,22035,21953,21778,21873,22005,21975,21782,21764,21814,21718,21954,21890,21898,21881,21883,21870,21772,21752,21713,21760,21744,21664,21631,21675,21706,21586,21611,21408,21666,21593,21506,21664,21645,21654,21537,21388,21482,21236,21487,21399,21593,21438,21499,21294,21294,21226,21253,21261,21245,21060,21115,21218,20866,21093,21161,20800,21059,20964,20908,21084,21012,20925,20931,20788,20708,20713,20737,20764,20779,20769,20829,20761,20634,20727,20663,20638,20630,20684,20619,20507,20665,20640,20598,20512,20478,20531,20347,20474,20658,20282,20369,20465,20408,20433,20356,20204,20473,20257,20344,20239,20450,20403,20437,20504,20483,20428,20325,20460,20383,20357,20396,20425,20359,20261,20261,20197,20306,20330,20318,20184,20227,20282,20331,20302,20055,20193,20183,20167,20038,20162,20410,20245,20420,20261,20245,20358,20149,20159,20410,20199,20432,20391,20251,20313,20326,20312,20228,20293,20299,20200,20172,20090,20059,20236,20170,20304,20208,20180,20062,19989,20171,20131,20149,19936,19951,19849,19874,19989,20002,19824,19870,19843,19685,19680,19782,19533,19646,19509,19493,19460,19387,19368,19314,19444,19258,19310,19192,19248,19355,19458,19122,19325,19259,19296,19203,19202,19196,19116,19133,19168,19231,19074,19018,19060,19122,19102,18956,18841,18881,19053,18972,19026,18923,18985,19069,18890,18877,18986,18925,18970,18898,18774,18919,19111,18904,18828,18884,18745,18786,18941,18873,18833,18721,18707,18708,18635,18833,18635,18577,18559,18624,18771,18603,18657,18606,18752,18604,18643,18640,18768,18750,18667,18739,18611,18659,18587,18536,18542,18695,18513,18591,18568,18442,18392,18433,18403,18493,18513,18345,18325,18385,18403,18387,18266,18555,18419,18599,18588,18447,18326,18474,18362,18357,18531,18509,18453,18454,18303,18492,18275,18372,18247,18295,18273,18120,18088,18101,18199,18182,18111,18048,18256,17896,18186,17961,18046,18224,18006,18134,18124,18141,18140,17943,17908,18228,18069,17979,17979,17959,18039,17944,17950,17791,17637,17960,17840,17689,17816,17792,17754,17726,17726,17731,17591,17619,17593,17737,17684,17717,17738,17714,17697,17684,17745,17693,17597,17592,17567,17639,17733,17683,17569,17585,17583,17722,17411,17487,17457,17522,17531,17657,17756,17463,17611,17624,17659,17453,17618,17587,17558,17596,17638,17544,17564,17557,17587,17588,17502,17441,17374,17432,17305,17343,17394,17265,17169,17237,17190,17201,16980,16921,17095,16983,16917,17009,17001,16971,16930,17015,16976,16972,17088,16840,17076,17081,16790,16816,16943,16917,16828,16946,17069,16719,16696,16818,16744,16693,16572,16652,16544,16407,16442,16430,16232,16311,16349,16496,16283,16209,16406,16256,16343,16184,16266,16380,16322,16410,16236,16371,16246,16222,16251,16160,16208,16175,16075,16116,16150,16080,16105,15949,16109,16000,15940,15868,15912,15842,15892,15930,15733,15761,15728,15755,15720,15959,15779,15802,15682,15749,15671,15746,15741,15664,15654,15707,15709,15686,15550,15563,15577,15509,15444,15352,15334,15354,15266,15382,15347,15260,15284,15349,15189,15290,15201,15230,15069,15269,15193,15302,15112,15300,15054,15184,15155,15132,15141,15141,15269,15236,15161,15150,15196,15116,15143,15139,15014,14975,14997,15041,14982,14882,14872,14800,14841,14863,14679,14935,14762,14630,14779,14742,14736,14913,14870,14778,14843,14873,14842,14768,14791,14950,14921,14922,14903,14966,14898,14945,14780,14771,14824,14956,14801,14713,14673,14704,14620,14614,14707,14596,14630,14695,14778,14595,14394,14649,14492,14527,14481,14547,14643,14568,14595,14497,14510,14597,14619,14500,14617,14606,14546,14570,14543,14567,14481,14687,14404,14654,14409,14337,14341,14347,14416,14212,14333,14356,14223,14093,14149,14292,14143,14126,14200,14219,14182,14205,14083,14140,14201,14082,14115,14162,14118,13875,14094,14115,14116,14158,14135,14041,14066,14049,13914,13917,13954,13912,13843,13791,13981,13867,13839,13929,13904,13849,13761,13691,13662,13556,13514,13592,13570,13518,13573,13544,13467,13491,13543,13620,13560,13560,13483,13548,13512,13457,13387,13540,13502,13466,13411,13375,13392,13527,13435,13516,13335,13272,13394,13285,13259,13309,13178,13254,13110,13123,13036,13084,13021,13014,13050,13009,13058,13091,13078,13079,12976,13017,13052,12887,12987,12944,13098,12919,12905,13050,13138,13082,13182,13187,13063,13071,13101,13063,13186,13083,13024,13012,13008,12996,13127,12955,13061,12993,13022,12967,12790,12863,12792,12814,12799,12875,12682,12651,12666,12671,12762,12747,12667,12748,12732,12685,12725,12658,12765,12760,12748,12752,12777,12729,12829,12814,12697,12710,12821,12827,12734,12709,12701,12630,12796,12623,12733,12695,12640,12505,12625,12465,12563,12394,12310,12465,12603,12445,12548,12333,12243,12221,12305,12191,12135,12095,12063,12084,12059,12108,12094,12111,12129,12136,12251,12151,12054,12193,12120,12126,12096,12081,12111,11951,12050,12091,12024,12099,11981,12006,12016,12032,11830,11778,11739,11684,11658,11654,11696,11627,11527,11599,11683,11618,11753,11696,11622,11584,11521,11459,11454,11470,11484,11397,11501,11564,11561,11529,11472,11433,11538,11540,11538,11485,11482,11564,11410,11425,11440,11462,11427,11401,11339,11604,11356,11422,11402,11302,11339,11392,11394,11305,11239,11169,11173,11100,11123,11237,11148,11110,11086,11091,11216,11070,11208,11085,10955,10944,10930,10999,10895,10946,11036,10994,11000,10939,10913,11040,11093,11051,10983,11048,11048,11022,11165,11135,11077,11116,11084,11023,11142,11031,11022,10995,11113,11058,11027,11105,10951,10904,11072,10990,10842,10960,10879,10866,10820,10701,10728,10765,10762,10722,10653,10775,10695,10673,10689,10620,10512,10681,10592,10588,10677,10719,10615,10630,10660,10603,10620,10670,10675,10743,10545,10602,10535,10630,10487,10554,10668,10568,10615,10642,10676,10749,10511,10660,10644,10527,10507,10576,10483,10434,10485,10529,10504,10364,10435,10432,10308,10295,10242,10297,10224,10225,10130,10149,10135,10189,10106,10167,10153,10132,10006,10020,10003,9978,9835,10087,10015,10040
